time [ms]	Pressure [Hgmm]	illuminance [lux]
0.00 	 0.20 	 54.51
0.03 	 0.20 	 54.27
0.05 	 0.10 	 54.04
0.07 	 0.30 	 54.04
0.10 	 0.20 	 54.51
0.12 	 0.30 	 54.97
0.15 	 0.10 	 54.74
0.17 	 0.20 	 54.51
0.20 	 0.20 	 54.39
0.23 	 -0.10 	 54.04
0.25 	 -0.20 	 55.09
0.28 	 0.20 	 55.20
0.30 	 0.20 	 55.09
0.33 	 0.80 	 54.62
0.35 	 0.00 	 54.27
0.38 	 0.30 	 54.62
0.40 	 -0.10 	 55.09
0.42 	 0.50 	 54.97
0.45 	 0.30 	 54.86
0.47 	 0.20 	 54.51
0.50 	 -0.10 	 54.04
0.53 	 0.40 	 54.16
0.55 	 0.40 	 54.74
0.57 	 0.30 	 54.86
0.60 	 0.30 	 54.86
0.62 	 0.30 	 54.27
0.65 	 0.10 	 54.39
0.68 	 0.30 	 54.39
0.70 	 0.20 	 55.32
0.72 	 0.40 	 55.09
0.75 	 0.40 	 54.51
0.78 	 0.30 	 54.39
0.80 	 -0.10 	 54.04
0.82 	 -0.10 	 54.39
0.85 	 -0.10 	 54.74
0.88 	 0.70 	 55.09
0.90 	 -0.20 	 54.86
0.93 	 0.10 	 54.51
0.95 	 -0.10 	 54.39
0.97 	 0.30 	 54.74
1.00 	 0.20 	 55.20
1.02 	 0.20 	 55.20
1.05 	 0.10 	 55.32
1.07 	 0.60 	 54.86
1.10 	 0.10 	 54.74
1.12 	 0.60 	 54.74
1.15 	 0.50 	 54.97
1.18 	 0.30 	 54.74
1.20 	 0.00 	 54.27
1.23 	 0.30 	 54.04
1.25 	 0.50 	 54.04
1.27 	 0.20 	 54.86
1.30 	 0.00 	 55.20
1.32 	 0.30 	 54.74
1.35 	 0.40 	 54.86
1.38 	 0.20 	 54.62
1.40 	 0.40 	 54.27
1.43 	 0.30 	 54.74
1.45 	 0.50 	 55.20
1.48 	 0.30 	 54.74
1.50 	 0.40 	 54.62
1.52 	 0.20 	 54.27
1.55 	 0.30 	 54.62
1.57 	 0.20 	 54.74
1.60 	 0.40 	 55.20
1.62 	 0.40 	 55.09
1.65 	 0.20 	 54.86
1.68 	 0.20 	 54.51
1.70 	 -0.10 	 54.51
1.73 	 0.10 	 55.32
1.75 	 0.20 	 55.55
1.77 	 0.10 	 55.20
1.80 	 -0.10 	 55.09
1.82 	 0.10 	 54.74
1.85 	 0.20 	 55.32
1.88 	 0.40 	 55.44
1.90 	 0.60 	 55.79
1.93 	 0.20 	 55.32
1.95 	 0.40 	 55.09
1.98 	 0.40 	 54.86
2.00 	 0.30 	 55.09
2.02 	 0.30 	 55.55
2.05 	 0.80 	 55.44
2.08 	 0.30 	 55.09
2.10 	 0.50 	 54.62
2.12 	 0.30 	 54.51
2.15 	 0.30 	 55.55
2.17 	 0.40 	 55.79
2.20 	 0.40 	 55.44
2.23 	 0.20 	 55.20
2.25 	 0.20 	 55.09
2.27 	 0.20 	 54.51
2.30 	 0.40 	 54.97
2.33 	 0.40 	 55.79
2.35 	 0.20 	 55.79
2.38 	 0.10 	 55.32
2.40 	 0.70 	 54.97
2.42 	 0.30 	 54.97
2.45 	 0.30 	 55.67
2.48 	 0.20 	 55.90
2.50 	 0.30 	 55.44
2.52 	 0.40 	 55.20
2.55 	 0.50 	 55.32
2.58 	 0.50 	 55.20
2.60 	 0.50 	 55.67
2.62 	 -0.10 	 56.25
2.65 	 0.10 	 56.25
2.67 	 0.20 	 55.79
2.70 	 0.30 	 55.20
2.73 	 0.20 	 55.44
2.75 	 0.40 	 55.90
2.77 	 0.20 	 55.67
2.80 	 0.40 	 55.67
2.83 	 0.60 	 55.20
2.85 	 0.40 	 55.32
2.88 	 0.50 	 55.32
2.90 	 0.20 	 55.67
2.92 	 0.10 	 56.25
2.95 	 0.10 	 56.25
2.98 	 0.10 	 55.20
3.00 	 0.00 	 55.20
3.02 	 -0.10 	 55.79
3.05 	 -0.10 	 56.25
3.08 	 0.30 	 56.25
3.10 	 0.10 	 55.44
3.12 	 0.20 	 55.55
3.15 	 0.50 	 55.20
3.17 	 0.10 	 55.44
3.20 	 0.50 	 56.25
3.23 	 0.30 	 56.14
3.25 	 0.30 	 56.25
3.27 	 0.40 	 55.44
3.30 	 0.30 	 55.20
3.33 	 0.30 	 56.25
3.35 	 0.30 	 56.49
3.38 	 0.40 	 56.25
3.40 	 -0.00 	 56.02
3.42 	 0.30 	 55.79
3.45 	 0.50 	 55.79
3.48 	 0.40 	 55.79
3.50 	 0.30 	 56.25
3.52 	 0.20 	 55.90
3.55 	 0.40 	 55.79
3.58 	 0.20 	 55.55
3.60 	 0.10 	 55.20
3.62 	 -0.10 	 56.49
3.65 	 -0.10 	 56.49
3.67 	 0.20 	 56.02
3.70 	 0.20 	 55.79
3.73 	 0.20 	 55.67
3.75 	 0.20 	 55.79
3.77 	 -0.10 	 55.90
3.80 	 -0.10 	 56.60
3.83 	 -0.10 	 55.90
3.85 	 0.50 	 55.79
3.88 	 0.20 	 55.20
3.90 	 0.30 	 55.55
3.92 	 0.30 	 56.49
3.95 	 0.50 	 56.25
3.98 	 0.30 	 55.67
4.00 	 0.60 	 55.44
4.03 	 0.30 	 55.44
4.05 	 0.40 	 55.79
4.08 	 0.20 	 56.49
4.10 	 0.00 	 56.37
4.12 	 0.60 	 55.90
4.15 	 0.60 	 56.02
4.17 	 0.30 	 55.32
4.20 	 0.50 	 55.09
4.22 	 0.40 	 56.02
4.25 	 0.40 	 55.79
4.28 	 0.30 	 55.20
4.30 	 0.30 	 54.97
4.33 	 0.30 	 54.97
4.35 	 0.30 	 55.79
4.38 	 0.10 	 56.25
4.40 	 0.60 	 56.14
4.42 	 0.20 	 55.79
4.45 	 0.30 	 55.44
4.47 	 0.10 	 55.20
4.50 	 0.20 	 55.32
4.53 	 0.20 	 55.90
4.55 	 0.20 	 55.67
4.58 	 0.10 	 55.55
4.60 	 0.30 	 55.20
4.62 	 0.20 	 55.20
4.65 	 0.30 	 55.67
4.67 	 0.20 	 56.25
4.70 	 0.60 	 55.90
4.72 	 0.20 	 55.79
4.75 	 0.60 	 55.44
4.78 	 0.20 	 55.44
4.80 	 0.00 	 56.02
4.83 	 0.50 	 56.49
4.85 	 0.50 	 55.67
4.88 	 0.10 	 55.55
4.90 	 -0.00 	 55.32
4.92 	 0.30 	 55.32
4.95 	 0.40 	 55.44
4.97 	 0.10 	 55.90
5.00 	 0.10 	 55.67
5.03 	 0.20 	 55.32
5.05 	 0.20 	 54.97
5.08 	 0.10 	 54.97
5.10 	 0.10 	 56.02
5.12 	 0.10 	 56.02
5.15 	 0.30 	 55.79
5.17 	 -0.20 	 55.32
5.20 	 0.10 	 55.32
5.22 	 0.10 	 55.79
5.25 	 -0.10 	 55.90
5.28 	 0.30 	 55.90
5.30 	 0.40 	 55.79
5.33 	 1.10 	 55.55
5.35 	 0.30 	 55.32
5.38 	 0.30 	 55.44
5.40 	 0.30 	 56.25
5.42 	 0.30 	 56.14
5.45 	 0.40 	 55.79
5.47 	 0.30 	 55.79
5.50 	 0.30 	 55.55
5.53 	 0.30 	 55.90
5.55 	 0.50 	 56.37
5.58 	 0.30 	 56.25
5.60 	 0.50 	 56.25
5.62 	 0.30 	 55.55
5.65 	 0.30 	 54.97
5.67 	 0.20 	 55.32
5.70 	 0.40 	 56.02
5.72 	 0.30 	 55.90
5.75 	 0.30 	 55.20
5.78 	 1.70 	 54.74
5.80 	 0.20 	 54.97
5.83 	 1.90 	 55.20
5.85 	 0.20 	 55.90
5.88 	 1.90 	 55.20
5.90 	 -0.10 	 55.32
5.92 	 2.30 	 55.09
5.95 	 0.80 	 54.86
5.97 	 1.80 	 55.44
6.00 	 0.50 	 55.79
6.03 	 2.20 	 56.49
6.05 	 0.00 	 55.67
6.08 	 2.50 	 54.27
6.10 	 0.20 	 55.67
6.12 	 2.60 	 55.44
6.15 	 0.00 	 55.90
6.17 	 2.80 	 55.55
6.20 	 0.20 	 55.20
6.22 	 2.90 	 55.32
6.25 	 0.40 	 55.32
6.28 	 2.80 	 56.02
6.30 	 0.40 	 56.02
6.33 	 3.10 	 56.14
6.35 	 0.20 	 55.67
6.38 	 3.20 	 54.04
6.40 	 0.20 	 55.79
6.42 	 3.40 	 55.32
6.45 	 0.40 	 55.67
6.47 	 3.40 	 55.09
6.50 	 1.50 	 54.74
6.53 	 2.40 	 54.62
6.55 	 1.80 	 54.74
6.58 	 2.60 	 55.55
6.60 	 2.10 	 55.79
6.62 	 2.70 	 55.55
6.65 	 2.30 	 55.32
6.67 	 2.90 	 55.09
6.70 	 2.50 	 55.79
6.72 	 3.00 	 55.90
6.75 	 2.90 	 55.67
6.78 	 2.70 	 55.44
6.80 	 2.90 	 55.55
6.83 	 3.40 	 55.32
6.85 	 2.90 	 55.67
6.88 	 3.60 	 56.25
6.90 	 3.00 	 56.25
6.92 	 4.10 	 55.90
6.95 	 3.60 	 55.55
6.97 	 4.20 	 55.67
7.00 	 4.20 	 56.37
7.03 	 4.50 	 56.95
7.05 	 4.60 	 56.49
7.08 	 4.30 	 56.14
7.10 	 4.80 	 55.79
7.12 	 4.10 	 55.44
7.15 	 5.80 	 56.14
7.17 	 4.60 	 56.72
7.20 	 5.70 	 56.72
7.22 	 5.20 	 55.90
7.25 	 6.00 	 55.90
7.28 	 5.60 	 56.72
7.30 	 5.80 	 56.84
7.33 	 6.20 	 57.19
7.35 	 6.60 	 56.95
7.38 	 6.30 	 56.60
7.40 	 6.90 	 56.37
7.42 	 6.80 	 56.37
7.45 	 7.30 	 57.07
7.47 	 6.70 	 57.07
7.50 	 7.10 	 57.19
7.53 	 7.10 	 56.60
7.55 	 7.60 	 56.60
7.58 	 7.40 	 57.65
7.60 	 7.80 	 57.30
7.62 	 7.80 	 57.30
7.65 	 8.30 	 57.07
7.67 	 8.10 	 57.07
7.70 	 8.40 	 56.95
7.72 	 8.20 	 57.30
7.75 	 8.80 	 57.88
7.78 	 8.40 	 57.77
7.80 	 8.80 	 57.30
7.83 	 8.90 	 57.07
7.85 	 9.00 	 56.72
7.88 	 9.00 	 57.42
7.90 	 9.40 	 57.65
7.92 	 9.40 	 57.30
7.95 	 9.80 	 57.19
7.97 	 8.30 	 57.30
8.00 	 10.60 	 56.95
8.03 	 8.80 	 57.30
8.05 	 10.90 	 58.12
8.07 	 8.50 	 57.53
8.10 	 11.00 	 57.53
8.12 	 8.40 	 56.72
8.15 	 11.00 	 57.42
8.18 	 8.40 	 56.37
8.20 	 11.00 	 57.19
8.22 	 8.20 	 58.35
8.25 	 11.00 	 56.60
8.28 	 8.10 	 57.65
8.30 	 11.20 	 56.60
8.32 	 9.70 	 57.30
8.35 	 10.70 	 58.12
8.38 	 10.30 	 57.30
8.40 	 10.60 	 57.07
8.43 	 10.70 	 56.84
8.45 	 10.60 	 56.84
8.47 	 11.10 	 57.53
8.50 	 11.40 	 58.12
8.53 	 11.00 	 57.88
8.55 	 12.00 	 56.84
8.57 	 11.60 	 56.84
8.60 	 12.40 	 57.19
8.62 	 12.20 	 57.65
8.65 	 12.10 	 57.53
8.68 	 12.80 	 57.42
8.70 	 12.70 	 57.07
8.72 	 12.90 	 57.07
8.75 	 13.00 	 57.42
8.78 	 13.20 	 57.77
8.80 	 13.20 	 57.77
8.82 	 13.20 	 57.30
8.85 	 13.50 	 57.42
8.88 	 13.70 	 57.65
8.90 	 12.40 	 58.00
8.93 	 14.20 	 58.12
8.95 	 12.40 	 57.88
8.97 	 14.40 	 57.77
9.00 	 12.60 	 57.42
9.03 	 15.10 	 57.88
9.05 	 12.40 	 57.30
9.07 	 14.90 	 58.82
9.10 	 12.20 	 58.70
9.12 	 14.90 	 56.84
9.15 	 11.80 	 57.77
9.18 	 14.70 	 57.19
9.20 	 13.20 	 57.77
9.22 	 14.10 	 58.58
9.25 	 13.80 	 58.35
9.28 	 14.10 	 57.77
9.30 	 14.00 	 57.30
9.32 	 14.50 	 57.53
9.35 	 14.80 	 58.00
9.38 	 14.90 	 58.35
9.40 	 15.60 	 58.00
9.43 	 15.00 	 57.30
9.45 	 15.90 	 57.07
9.47 	 16.00 	 57.65
9.50 	 16.00 	 58.00
9.53 	 16.40 	 58.23
9.55 	 16.10 	 58.12
9.57 	 16.30 	 57.88
9.60 	 17.00 	 57.53
9.62 	 15.70 	 57.65
9.65 	 17.00 	 58.58
9.68 	 16.50 	 58.35
9.70 	 17.30 	 58.35
9.72 	 15.90 	 58.35
9.75 	 18.00 	 57.30
9.78 	 15.60 	 58.23
9.80 	 17.90 	 58.12
9.82 	 15.50 	 58.82
9.85 	 17.60 	 57.65
9.88 	 16.50 	 57.42
9.90 	 17.60 	 57.07
9.93 	 17.40 	 57.65
9.95 	 17.10 	 58.35
9.97 	 17.60 	 58.47
10.00 	 18.50 	 58.00
10.03 	 17.60 	 57.88
10.05 	 18.60 	 57.88
10.07 	 18.20 	 58.58
10.10 	 18.50 	 58.70
10.12 	 18.60 	 58.58
10.15 	 19.00 	 58.00
10.18 	 19.00 	 57.53
10.20 	 19.00 	 57.30
10.22 	 19.50 	 57.77
10.25 	 18.40 	 58.35
10.28 	 20.40 	 58.47
10.30 	 17.80 	 57.30
10.32 	 20.50 	 56.84
10.35 	 18.20 	 58.35
10.38 	 20.70 	 57.77
10.40 	 18.40 	 59.05
10.43 	 20.80 	 57.77
10.45 	 18.30 	 58.12
10.47 	 21.10 	 57.65
10.50 	 18.10 	 57.42
10.53 	 21.00 	 57.77
10.55 	 17.80 	 58.00
10.57 	 21.00 	 58.35
10.60 	 17.70 	 56.84
10.62 	 21.20 	 56.37
10.65 	 18.30 	 58.23
10.68 	 21.50 	 57.88
10.70 	 18.40 	 58.82
10.72 	 21.50 	 57.77
10.75 	 20.10 	 57.53
10.78 	 21.00 	 57.65
10.80 	 20.40 	 57.30
10.82 	 21.50 	 58.12
10.85 	 20.80 	 58.47
10.88 	 21.70 	 58.35
10.90 	 21.90 	 57.88
10.93 	 21.70 	 57.77
10.95 	 22.40 	 58.35
10.97 	 22.50 	 58.58
11.00 	 22.60 	 58.23
11.03 	 23.10 	 57.53
11.05 	 22.10 	 57.53
11.07 	 23.80 	 57.65
11.10 	 21.80 	 57.30
11.12 	 24.10 	 58.12
11.15 	 22.20 	 57.77
11.18 	 24.30 	 58.35
11.20 	 22.10 	 57.42
11.22 	 24.30 	 57.88
11.25 	 21.80 	 58.35
11.28 	 24.40 	 57.88
11.30 	 21.50 	 58.00
11.32 	 24.40 	 57.19
11.35 	 21.20 	 57.30
11.38 	 24.50 	 57.07
11.40 	 21.20 	 57.53
11.43 	 24.70 	 58.00
11.45 	 21.00 	 57.30
11.47 	 24.70 	 57.77
11.50 	 21.70 	 56.49
11.53 	 23.90 	 57.42
11.55 	 23.00 	 58.00
11.57 	 23.60 	 58.35
11.60 	 23.80 	 57.88
11.62 	 24.30 	 57.42
11.65 	 24.90 	 57.42
11.68 	 24.70 	 57.65
11.70 	 25.70 	 58.12
11.72 	 25.50 	 58.35
11.75 	 25.90 	 58.35
11.78 	 26.30 	 57.77
11.80 	 25.20 	 57.65
11.82 	 27.30 	 57.88
11.85 	 25.90 	 58.35
11.88 	 27.70 	 57.53
11.90 	 25.80 	 57.53
11.93 	 27.50 	 56.95
11.95 	 25.30 	 57.30
11.97 	 27.60 	 57.30
12.00 	 25.10 	 58.12
12.03 	 27.50 	 57.77
12.05 	 24.70 	 57.42
12.07 	 27.60 	 57.53
12.10 	 24.50 	 56.72
12.12 	 27.40 	 57.30
12.15 	 25.40 	 57.77
12.18 	 26.90 	 57.30
12.20 	 26.60 	 57.19
12.22 	 26.90 	 56.84
12.25 	 26.80 	 56.84
12.28 	 27.80 	 57.07
12.30 	 27.50 	 58.12
12.32 	 28.10 	 58.12
12.35 	 28.00 	 57.65
12.38 	 28.40 	 57.07
12.40 	 28.70 	 57.42
12.43 	 28.70 	 57.65
12.45 	 28.90 	 58.00
12.47 	 29.40 	 57.53
12.50 	 28.20 	 58.23
12.53 	 30.00 	 57.42
12.55 	 27.70 	 57.77
12.57 	 30.20 	 57.88
12.60 	 28.40 	 58.35
12.62 	 30.50 	 58.12
12.65 	 28.40 	 57.07
12.68 	 30.30 	 57.42
12.70 	 28.00 	 56.72
12.72 	 30.30 	 57.65
12.75 	 27.60 	 58.00
12.78 	 30.60 	 56.14
12.80 	 27.60 	 57.42
12.82 	 30.40 	 56.25
12.85 	 28.60 	 56.84
12.88 	 29.50 	 57.42
12.90 	 29.50 	 57.30
12.93 	 29.90 	 57.42
12.95 	 29.70 	 56.60
12.97 	 30.50 	 56.95
13.00 	 30.30 	 56.72
13.03 	 31.30 	 57.42
13.05 	 31.00 	 57.65
13.07 	 31.20 	 57.30
13.10 	 31.90 	 56.84
13.12 	 30.80 	 57.07
13.15 	 32.40 	 57.07
13.18 	 30.90 	 58.12
13.20 	 33.30 	 57.53
13.22 	 31.20 	 57.65
13.25 	 32.90 	 57.30
13.28 	 30.70 	 56.95
13.30 	 32.90 	 57.30
13.32 	 30.50 	 57.07
13.35 	 32.60 	 58.47
13.38 	 31.40 	 56.84
13.40 	 32.10 	 56.14
13.43 	 31.50 	 56.49
13.45 	 32.80 	 56.72
13.47 	 32.10 	 57.42
13.50 	 32.60 	 56.84
13.53 	 32.90 	 56.95
13.55 	 33.00 	 56.37
13.57 	 32.80 	 56.37
13.60 	 33.90 	 56.95
13.62 	 33.50 	 57.65
13.65 	 34.00 	 57.65
13.68 	 34.20 	 56.84
13.70 	 34.40 	 56.84
13.72 	 32.90 	 57.19
13.75 	 35.30 	 57.19
13.78 	 33.50 	 57.88
13.80 	 35.50 	 57.30
13.82 	 33.30 	 57.19
13.85 	 35.50 	 56.60
13.88 	 32.90 	 56.72
13.90 	 35.50 	 57.30
13.93 	 32.50 	 57.19
13.95 	 35.50 	 58.35
13.97 	 32.50 	 57.65
14.00 	 35.00 	 55.90
14.03 	 33.30 	 56.37
14.05 	 34.50 	 57.30
14.07 	 34.30 	 57.30
14.10 	 34.40 	 56.84
14.12 	 35.20 	 56.84
14.15 	 35.20 	 56.72
14.18 	 35.80 	 56.37
14.20 	 35.90 	 56.95
14.22 	 36.00 	 57.42
14.25 	 36.70 	 56.84
14.28 	 36.60 	 56.72
14.30 	 37.10 	 56.49
14.32 	 35.90 	 57.30
14.35 	 38.10 	 57.19
14.38 	 35.80 	 57.65
14.40 	 37.60 	 56.84
14.43 	 35.60 	 56.37
14.45 	 38.10 	 56.37
14.47 	 36.00 	 56.72
14.50 	 38.30 	 57.42
14.53 	 35.70 	 56.72
14.55 	 38.20 	 57.42
14.57 	 35.20 	 56.84
14.60 	 37.90 	 55.44
14.62 	 36.40 	 56.84
14.65 	 37.30 	 56.84
14.68 	 36.50 	 56.95
14.70 	 37.10 	 56.60
14.72 	 37.20 	 56.37
14.75 	 37.30 	 56.49
14.78 	 37.40 	 56.60
14.80 	 38.30 	 57.42
14.82 	 37.90 	 57.07
14.85 	 39.00 	 57.19
14.88 	 38.40 	 57.19
14.90 	 39.70 	 56.72
14.93 	 38.40 	 57.30
14.95 	 40.20 	 56.84
14.97 	 39.10 	 56.84
15.00 	 40.50 	 56.49
15.03 	 38.90 	 56.49
15.05 	 40.60 	 55.90
15.07 	 38.30 	 56.72
15.10 	 40.50 	 57.19
15.12 	 38.00 	 56.49
15.15 	 41.00 	 56.60
15.18 	 38.40 	 56.72
15.20 	 41.20 	 55.79
15.22 	 38.30 	 57.07
15.25 	 41.00 	 56.14
15.28 	 39.20 	 56.25
15.30 	 40.30 	 55.79
15.32 	 39.40 	 55.44
15.35 	 39.70 	 55.90
15.38 	 39.50 	 55.90
15.40 	 40.30 	 56.72
15.43 	 39.70 	 56.37
15.45 	 40.80 	 55.67
15.47 	 40.60 	 56.02
15.50 	 41.30 	 56.37
15.53 	 41.20 	 57.07
15.55 	 41.60 	 57.19
15.57 	 42.30 	 56.72
15.60 	 41.90 	 56.37
15.62 	 42.80 	 56.37
15.65 	 41.70 	 56.84
15.68 	 43.00 	 57.65
15.70 	 41.70 	 57.42
15.72 	 44.10 	 56.95
15.75 	 42.20 	 55.67
15.78 	 43.90 	 56.14
15.80 	 41.90 	 56.84
15.82 	 43.60 	 56.25
15.85 	 41.10 	 56.84
15.88 	 43.50 	 55.79
15.90 	 41.60 	 55.79
15.93 	 42.90 	 55.67
15.95 	 41.90 	 56.14
15.97 	 42.40 	 56.72
16.00 	 42.80 	 56.14
16.02 	 42.50 	 56.25
16.05 	 43.30 	 56.02
16.07 	 43.50 	 55.79
16.10 	 43.70 	 56.37
16.12 	 44.20 	 56.60
16.15 	 44.00 	 56.49
16.18 	 45.10 	 56.02
16.20 	 43.60 	 56.37
16.23 	 45.40 	 56.49
16.25 	 44.30 	 56.95
16.27 	 46.00 	 57.42
16.30 	 44.00 	 56.95
16.32 	 45.80 	 56.95
16.35 	 43.60 	 55.67
16.38 	 46.10 	 56.60
16.40 	 43.90 	 58.12
16.43 	 46.20 	 56.49
16.45 	 43.60 	 57.19
16.48 	 46.10 	 55.44
16.50 	 44.40 	 55.44
16.52 	 45.70 	 55.67
16.55 	 44.80 	 55.90
16.57 	 44.90 	 56.02
16.60 	 44.60 	 55.67
16.62 	 45.80 	 55.55
16.65 	 44.90 	 55.20
16.68 	 46.20 	 55.79
16.70 	 45.90 	 56.72
16.73 	 46.50 	 56.49
16.75 	 46.70 	 56.25
16.77 	 46.70 	 56.14
16.80 	 47.70 	 55.67
16.82 	 47.40 	 56.14
16.85 	 48.10 	 57.19
16.88 	 47.10 	 57.19
16.90 	 48.50 	 56.72
16.93 	 46.60 	 56.25
16.95 	 48.90 	 56.49
16.98 	 46.90 	 55.67
17.00 	 48.90 	 56.37
17.02 	 46.60 	 57.30
17.05 	 48.70 	 55.67
17.07 	 47.40 	 56.02
17.10 	 47.70 	 55.90
17.12 	 47.10 	 56.72
17.15 	 47.70 	 56.95
17.18 	 47.00 	 56.72
17.20 	 48.10 	 56.25
17.23 	 47.60 	 56.02
17.25 	 48.30 	 55.90
17.27 	 48.80 	 56.25
17.30 	 48.70 	 56.37
17.32 	 49.60 	 56.02
17.35 	 49.00 	 56.02
17.38 	 50.20 	 55.79
17.40 	 49.10 	 56.49
17.43 	 50.30 	 56.37
17.45 	 50.20 	 56.72
17.48 	 50.50 	 56.49
17.50 	 50.00 	 56.14
17.52 	 50.10 	 55.67
17.55 	 50.70 	 56.02
17.57 	 50.90 	 56.14
17.60 	 50.60 	 56.72
17.62 	 50.50 	 56.14
17.65 	 50.90 	 55.67
17.68 	 51.30 	 55.79
17.70 	 50.70 	 56.14
17.73 	 50.70 	 56.72
17.75 	 51.20 	 56.37
17.77 	 51.50 	 56.49
17.80 	 51.20 	 56.49
17.82 	 51.40 	 56.25
17.85 	 52.00 	 56.14
17.88 	 51.80 	 56.84
17.90 	 51.60 	 57.07
17.93 	 52.10 	 56.37
17.95 	 52.30 	 56.49
17.98 	 52.30 	 56.37
18.00 	 52.10 	 56.95
18.02 	 52.70 	 57.19
18.05 	 52.60 	 57.19
18.07 	 52.50 	 56.72
18.10 	 52.60 	 56.02
18.12 	 53.40 	 55.67
18.15 	 52.20 	 56.25
18.18 	 53.90 	 56.60
18.20 	 51.70 	 56.25
18.23 	 53.60 	 55.44
18.25 	 52.40 	 55.79
18.27 	 53.50 	 55.79
18.30 	 53.10 	 56.25
18.32 	 53.00 	 56.37
18.35 	 53.10 	 56.25
18.38 	 53.80 	 56.25
18.40 	 53.70 	 55.44
18.43 	 53.80 	 55.79
18.45 	 54.40 	 55.90
18.48 	 54.10 	 56.49
18.50 	 53.80 	 56.72
18.52 	 55.20 	 55.67
18.55 	 53.60 	 56.72
18.57 	 54.90 	 56.25
18.60 	 54.60 	 56.60
18.62 	 55.30 	 56.60
18.65 	 54.60 	 56.72
18.68 	 54.90 	 56.49
18.70 	 55.40 	 55.90
18.73 	 55.60 	 56.25
18.75 	 55.10 	 56.60
18.77 	 55.60 	 57.42
18.80 	 55.80 	 56.95
18.82 	 55.60 	 56.49
18.85 	 55.50 	 56.37
18.88 	 56.40 	 56.95
18.90 	 56.20 	 57.19
18.93 	 56.30 	 56.95
18.95 	 56.40 	 56.14
18.98 	 56.90 	 55.90
19.00 	 56.60 	 55.79
19.02 	 56.40 	 55.90
19.05 	 57.10 	 56.72
19.07 	 57.10 	 56.49
19.10 	 57.00 	 56.25
19.12 	 56.70 	 56.02
19.15 	 57.10 	 55.90
19.18 	 57.40 	 56.72
19.20 	 56.80 	 57.19
19.23 	 57.40 	 56.49
19.25 	 57.60 	 56.25
19.27 	 57.80 	 55.79
19.30 	 57.40 	 56.02
19.32 	 58.00 	 55.90
19.35 	 58.10 	 56.37
19.38 	 57.80 	 56.95
19.40 	 57.90 	 56.72
19.43 	 58.80 	 55.90
19.45 	 58.10 	 56.49
19.48 	 58.70 	 56.95
19.50 	 58.90 	 57.19
19.52 	 58.80 	 56.84
19.55 	 58.60 	 56.84
19.57 	 59.20 	 56.49
19.60 	 59.50 	 56.37
19.62 	 59.10 	 57.42
19.65 	 59.20 	 57.07
19.68 	 59.70 	 56.95
19.70 	 59.30 	 56.60
19.73 	 59.20 	 56.72
19.75 	 59.50 	 56.95
19.77 	 60.10 	 57.42
19.80 	 59.90 	 57.07
19.82 	 59.90 	 56.72
19.85 	 60.60 	 56.49
19.88 	 60.30 	 56.02
19.90 	 60.10 	 55.90
19.93 	 60.40 	 56.95
19.95 	 60.90 	 56.60
19.98 	 60.50 	 56.72
20.00 	 60.70 	 56.49
20.02 	 61.20 	 56.25
20.05 	 61.10 	 56.95
20.07 	 60.80 	 57.07
20.10 	 61.10 	 56.95
20.12 	 61.80 	 56.14
20.15 	 61.30 	 56.49
20.18 	 61.20 	 56.49
20.20 	 62.00 	 56.37
20.23 	 61.70 	 57.07
20.25 	 61.50 	 57.42
20.27 	 61.50 	 56.95
20.30 	 62.30 	 56.37
20.32 	 61.90 	 56.49
20.35 	 61.90 	 57.30
20.38 	 62.60 	 57.07
20.40 	 62.30 	 57.42
20.43 	 62.00 	 56.84
20.45 	 62.90 	 56.49
20.48 	 62.70 	 56.37
20.50 	 62.70 	 57.19
20.52 	 63.20 	 57.53
20.55 	 63.20 	 57.42
20.57 	 62.70 	 57.07
20.60 	 63.70 	 57.19
20.62 	 63.90 	 56.37
20.65 	 63.60 	 57.42
20.68 	 63.80 	 56.95
20.70 	 64.40 	 56.60
20.73 	 63.10 	 56.95
20.75 	 64.50 	 56.25
20.77 	 63.30 	 56.25
20.80 	 64.40 	 56.60
20.82 	 64.10 	 56.84
20.85 	 64.00 	 56.84
20.88 	 63.80 	 56.72
20.90 	 64.60 	 56.14
20.93 	 64.20 	 55.90
20.95 	 64.10 	 57.19
20.98 	 64.90 	 56.95
21.00 	 64.90 	 56.60
21.02 	 64.80 	 56.37
21.05 	 65.40 	 56.49
21.07 	 65.10 	 56.60
21.10 	 65.10 	 56.95
21.12 	 66.00 	 57.07
21.15 	 65.50 	 57.42
21.18 	 65.60 	 57.19
21.20 	 66.30 	 56.60
21.23 	 65.80 	 56.95
21.25 	 65.90 	 57.65
21.27 	 66.40 	 57.88
21.30 	 66.60 	 57.42
21.32 	 66.00 	 56.84
21.35 	 66.70 	 56.60
21.38 	 66.30 	 57.42
21.40 	 66.40 	 57.88
21.43 	 66.50 	 57.88
21.45 	 67.60 	 57.30
21.48 	 66.90 	 56.95
21.50 	 67.40 	 56.37
21.52 	 67.80 	 56.14
21.55 	 67.60 	 56.84
21.57 	 67.20 	 56.95
21.60 	 67.90 	 56.49
21.62 	 67.90 	 56.14
21.65 	 67.70 	 56.37
21.68 	 67.50 	 56.84
21.70 	 68.00 	 57.07
21.73 	 68.10 	 57.30
21.75 	 67.90 	 56.95
21.77 	 68.00 	 56.49
21.80 	 68.80 	 56.14
21.82 	 68.30 	 56.37
21.85 	 68.50 	 57.42
21.88 	 68.70 	 56.95
21.90 	 68.50 	 56.60
21.93 	 68.40 	 56.60
21.95 	 69.10 	 56.37
21.98 	 69.00 	 57.19
22.00 	 68.70 	 57.88
22.02 	 69.40 	 57.30
22.05 	 69.10 	 57.19
22.07 	 69.30 	 57.19
22.10 	 70.00 	 56.84
22.12 	 69.70 	 57.42
22.15 	 69.80 	 57.77
22.18 	 70.40 	 57.07
22.20 	 69.70 	 57.07
22.23 	 70.00 	 57.19
22.25 	 70.50 	 57.30
22.27 	 70.30 	 58.35
22.30 	 70.30 	 58.35
22.32 	 71.10 	 57.53
22.35 	 71.00 	 57.19
22.38 	 70.90 	 56.72
22.40 	 71.50 	 56.37
22.43 	 71.30 	 56.84
22.45 	 71.10 	 57.42
22.48 	 71.10 	 56.60
22.50 	 71.60 	 56.72
22.52 	 71.20 	 56.95
22.55 	 71.20 	 57.07
22.57 	 71.70 	 57.77
22.60 	 71.80 	 57.53
22.62 	 71.30 	 57.19
22.65 	 72.20 	 56.60
22.68 	 72.10 	 56.49
22.70 	 71.80 	 56.95
22.73 	 72.30 	 57.65
22.75 	 72.60 	 57.88
22.77 	 72.10 	 56.84
22.80 	 72.80 	 56.84
22.82 	 72.60 	 57.07
22.85 	 72.40 	 57.65
22.88 	 73.00 	 57.88
22.90 	 73.00 	 57.77
22.93 	 72.60 	 57.65
22.95 	 73.60 	 57.42
22.98 	 73.00 	 56.95
23.00 	 73.10 	 57.53
23.02 	 73.60 	 58.12
23.05 	 73.60 	 58.35
23.07 	 73.50 	 57.65
23.10 	 74.10 	 57.07
23.12 	 73.70 	 57.88
23.15 	 73.80 	 58.35
23.18 	 74.60 	 58.58
23.20 	 74.40 	 58.12
23.23 	 74.80 	 57.65
23.25 	 75.30 	 56.95
23.27 	 74.80 	 56.95
23.30 	 74.90 	 57.07
23.32 	 75.40 	 57.30
23.35 	 75.30 	 57.30
23.38 	 74.90 	 57.30
23.40 	 75.00 	 56.95
23.43 	 75.30 	 57.42
23.45 	 75.10 	 58.00
23.48 	 75.00 	 57.30
23.50 	 75.70 	 57.30
23.52 	 75.50 	 56.84
23.55 	 75.30 	 56.84
23.57 	 75.80 	 56.95
23.60 	 75.80 	 57.30
23.62 	 75.50 	 57.88
23.65 	 76.10 	 57.65
23.68 	 76.10 	 57.19
23.70 	 76.30 	 57.42
23.73 	 76.70 	 57.88
23.75 	 76.30 	 58.23
23.77 	 76.70 	 58.35
23.80 	 77.20 	 57.77
23.82 	 76.40 	 57.53
23.85 	 77.40 	 57.88
23.88 	 77.00 	 58.12
23.90 	 76.80 	 58.58
23.93 	 77.60 	 58.23
23.95 	 77.30 	 58.00
23.98 	 77.30 	 58.12
24.00 	 78.10 	 57.53
24.02 	 77.70 	 58.23
24.05 	 78.40 	 58.35
24.07 	 78.60 	 57.42
24.10 	 78.30 	 57.07
24.12 	 78.30 	 56.95
24.15 	 78.80 	 56.84
24.18 	 78.50 	 57.42
24.20 	 78.00 	 58.12
24.23 	 78.70 	 57.88
24.25 	 78.80 	 57.30
24.27 	 78.40 	 57.53
24.30 	 78.80 	 57.42
24.32 	 79.20 	 58.35
24.35 	 78.60 	 58.00
24.38 	 79.40 	 57.65
24.40 	 79.50 	 57.42
24.43 	 79.10 	 57.42
24.45 	 79.90 	 57.65
24.48 	 79.50 	 57.88
24.50 	 79.30 	 58.35
24.52 	 80.10 	 57.77
24.55 	 79.70 	 57.88
24.57 	 79.90 	 57.53
24.60 	 80.40 	 58.12
24.62 	 79.80 	 59.05
24.65 	 80.20 	 58.35
24.68 	 80.60 	 58.35
24.70 	 80.20 	 57.88
24.73 	 80.80 	 57.53
24.75 	 80.80 	 58.35
24.77 	 80.60 	 58.82
24.80 	 81.50 	 59.05
24.82 	 81.10 	 58.35
24.85 	 81.90 	 57.77
24.88 	 82.10 	 57.07
24.90 	 81.70 	 57.53
24.93 	 81.90 	 57.77
24.95 	 82.50 	 57.65
24.98 	 82.00 	 57.30
25.00 	 81.80 	 57.42
25.02 	 82.10 	 56.84
25.05 	 82.30 	 57.30
25.07 	 81.70 	 58.35
25.10 	 81.80 	 57.77
25.12 	 82.70 	 57.53
25.15 	 82.20 	 57.30
25.18 	 82.40 	 57.07
25.20 	 82.90 	 57.42
25.23 	 82.40 	 58.35
25.25 	 82.70 	 57.65
25.27 	 83.20 	 57.53
25.30 	 82.60 	 57.77
25.32 	 83.40 	 57.53
25.35 	 83.00 	 57.77
25.38 	 83.20 	 58.47
25.40 	 83.80 	 58.00
25.43 	 83.20 	 58.00
25.45 	 83.90 	 57.77
25.48 	 83.70 	 57.88
25.50 	 83.50 	 58.23
25.52 	 84.40 	 58.82
25.55 	 83.80 	 58.82
25.57 	 84.60 	 58.35
25.60 	 84.40 	 58.00
25.62 	 84.40 	 58.00
25.65 	 85.40 	 58.23
25.68 	 85.20 	 58.35
25.70 	 85.30 	 57.77
25.73 	 85.60 	 57.19
25.75 	 85.20 	 56.84
25.77 	 85.10 	 57.19
25.80 	 85.90 	 57.65
25.82 	 85.60 	 58.12
25.85 	 85.10 	 57.53
25.88 	 85.50 	 57.30
25.90 	 85.60 	 57.65
25.93 	 85.10 	 57.53
25.95 	 85.80 	 58.00
25.98 	 86.20 	 58.12
26.00 	 85.70 	 58.12
26.02 	 86.40 	 57.30
26.05 	 86.00 	 57.42
26.07 	 86.00 	 57.65
26.10 	 86.70 	 58.35
26.12 	 86.10 	 58.58
26.15 	 86.90 	 58.00
26.18 	 86.60 	 57.77
26.20 	 86.40 	 57.77
26.23 	 87.60 	 58.00
26.25 	 86.60 	 59.05
26.27 	 87.50 	 58.93
26.30 	 87.10 	 58.23
26.32 	 87.10 	 58.00
26.35 	 87.90 	 57.77
26.38 	 87.30 	 58.35
26.40 	 88.10 	 58.93
26.43 	 87.90 	 58.70
26.45 	 87.80 	 58.47
26.48 	 89.10 	 57.88
26.50 	 88.50 	 57.30
26.52 	 89.00 	 57.53
26.55 	 89.30 	 57.77
26.57 	 88.70 	 57.65
26.60 	 88.90 	 57.30
26.62 	 89.30 	 57.07
26.65 	 88.90 	 57.07
26.68 	 88.70 	 57.88
26.70 	 88.90 	 58.58
26.73 	 89.00 	 58.00
26.75 	 88.60 	 57.77
26.77 	 89.50 	 57.42
26.80 	 89.50 	 57.88
26.82 	 89.00 	 58.00
26.85 	 89.80 	 58.23
26.88 	 89.40 	 58.12
26.90 	 89.60 	 57.88
26.93 	 89.90 	 57.42
26.95 	 89.50 	 57.88
26.98 	 90.40 	 58.23
27.00 	 89.60 	 58.47
27.02 	 90.60 	 58.35
27.05 	 90.20 	 58.12
27.07 	 90.20 	 58.12
27.10 	 90.80 	 58.58
27.12 	 90.30 	 59.05
27.15 	 91.30 	 58.47
27.18 	 90.70 	 58.82
27.20 	 91.40 	 58.82
27.23 	 91.00 	 58.58
27.25 	 91.20 	 58.70
27.27 	 91.80 	 59.28
27.30 	 91.40 	 59.52
27.32 	 92.70 	 58.93
27.35 	 92.20 	 57.53
27.38 	 92.60 	 57.07
27.40 	 93.20 	 57.30
27.43 	 91.50 	 58.47
27.45 	 92.80 	 57.77
27.48 	 92.30 	 57.53
27.50 	 92.80 	 57.30
27.52 	 92.00 	 57.30
27.55 	 91.70 	 58.00
27.57 	 92.80 	 58.82
27.60 	 92.20 	 58.23
27.62 	 92.50 	 58.35
27.65 	 92.90 	 57.30
27.68 	 92.60 	 57.53
27.70 	 93.30 	 58.23
27.73 	 92.80 	 58.47
27.75 	 93.40 	 58.58
27.77 	 93.30 	 57.77
27.80 	 93.30 	 58.35
27.82 	 93.90 	 57.88
27.85 	 93.40 	 58.82
27.88 	 94.40 	 59.17
27.90 	 93.30 	 58.93
27.93 	 94.70 	 58.70
27.95 	 93.80 	 58.82
27.98 	 94.70 	 58.70
28.00 	 94.40 	 59.40
28.02 	 94.40 	 59.52
28.05 	 95.20 	 58.93
28.07 	 94.60 	 58.93
28.10 	 95.50 	 58.82
28.12 	 95.40 	 58.35
28.15 	 95.80 	 58.58
28.18 	 96.60 	 58.58
28.20 	 94.80 	 57.88
28.23 	 96.30 	 57.77
28.25 	 95.80 	 57.65
28.27 	 95.80 	 58.12
28.30 	 95.10 	 58.58
28.32 	 95.60 	 58.23
28.35 	 95.70 	 58.35
28.38 	 95.30 	 58.35
28.40 	 96.10 	 57.77
28.43 	 96.00 	 58.35
28.45 	 95.80 	 58.47
28.48 	 96.70 	 58.35
28.50 	 96.00 	 58.35
28.52 	 96.90 	 58.00
28.55 	 96.10 	 58.23
28.57 	 97.10 	 58.58
28.60 	 96.40 	 59.17
28.62 	 97.30 	 58.70
28.65 	 96.80 	 58.47
28.68 	 97.20 	 58.23
28.70 	 97.40 	 58.58
28.73 	 97.20 	 58.93
28.75 	 97.80 	 59.52
28.77 	 97.30 	 59.17
28.80 	 98.20 	 59.05
28.82 	 97.60 	 58.82
28.85 	 98.40 	 59.28
28.88 	 97.90 	 59.87
28.90 	 98.60 	 59.40
28.93 	 99.10 	 59.05
28.95 	 99.20 	 58.00
28.98 	 100.10 	 57.19
29.00 	 98.30 	 57.88
29.02 	 99.60 	 58.23
29.05 	 99.40 	 58.00
29.07 	 99.50 	 58.00
29.10 	 98.80 	 57.65
29.12 	 98.70 	 57.88
29.15 	 99.10 	 58.58
29.18 	 98.70 	 59.05
29.20 	 99.00 	 58.70
29.23 	 99.40 	 58.00
29.25 	 99.10 	 58.35
29.27 	 100.00 	 57.77
29.30 	 99.30 	 57.77
29.32 	 100.20 	 58.47
29.35 	 99.50 	 58.82
29.38 	 100.40 	 58.47
29.40 	 99.70 	 58.23
29.43 	 100.50 	 58.58
29.45 	 100.20 	 58.58
29.48 	 100.70 	 59.17
29.50 	 100.70 	 59.40
29.52 	 100.70 	 59.17
29.55 	 101.00 	 58.70
29.57 	 100.90 	 58.70
29.60 	 101.60 	 59.28
29.62 	 100.80 	 59.63
29.65 	 102.10 	 59.40
29.68 	 101.10 	 59.17
29.70 	 102.10 	 58.93
29.73 	 101.50 	 58.82
29.75 	 102.30 	 59.40
29.77 	 103.00 	 59.52
29.80 	 102.80 	 58.47
29.82 	 103.50 	 57.77
29.85 	 102.80 	 57.65
29.88 	 102.70 	 57.53
29.90 	 103.50 	 57.77
29.93 	 102.70 	 58.58
29.95 	 102.40 	 58.70
29.98 	 102.90 	 58.58
30.00 	 102.50 	 58.00
30.02 	 102.50 	 58.23
30.05 	 103.10 	 58.82
30.07 	 102.70 	 59.05
30.10 	 103.40 	 58.47
30.12 	 103.00 	 58.12
30.15 	 103.20 	 58.58
30.18 	 103.30 	 58.35
30.20 	 103.30 	 59.05
30.23 	 103.80 	 59.40
30.25 	 103.30 	 58.93
30.27 	 104.20 	 58.70
30.30 	 103.70 	 58.47
30.32 	 104.30 	 58.93
30.35 	 103.80 	 59.28
30.38 	 104.60 	 59.40
30.40 	 104.20 	 59.17
30.43 	 104.70 	 58.70
30.45 	 104.40 	 58.93
30.48 	 105.10 	 59.05
30.50 	 104.70 	 59.98
30.52 	 105.10 	 59.75
30.55 	 104.80 	 59.40
30.57 	 105.70 	 59.28
30.60 	 105.30 	 59.05
30.62 	 105.80 	 58.93
30.65 	 105.80 	 59.63
30.68 	 106.40 	 59.17
30.70 	 107.30 	 58.35
30.73 	 105.90 	 58.47
30.75 	 107.80 	 57.53
30.77 	 105.80 	 58.23
30.80 	 107.00 	 59.05
30.82 	 105.60 	 59.05
30.85 	 106.40 	 58.23
30.88 	 106.00 	 58.35
30.90 	 105.60 	 58.58
30.93 	 106.00 	 58.82
30.95 	 106.00 	 59.28
30.98 	 106.20 	 59.28
31.00 	 106.70 	 58.47
31.02 	 106.30 	 58.23
31.05 	 106.80 	 58.47
31.07 	 107.20 	 59.28
31.10 	 106.80 	 59.40
31.12 	 107.40 	 59.52
31.15 	 107.20 	 59.17
31.18 	 107.70 	 58.82
31.20 	 107.70 	 58.82
31.23 	 108.00 	 59.17
31.25 	 107.80 	 59.98
31.27 	 108.40 	 59.63
31.30 	 108.20 	 59.52
31.32 	 109.00 	 58.70
31.35 	 109.00 	 59.05
31.38 	 110.20 	 58.82
31.40 	 108.50 	 59.28
31.43 	 110.50 	 58.35
31.45 	 108.80 	 58.12
31.48 	 109.90 	 57.88
31.50 	 109.00 	 57.07
31.52 	 110.10 	 57.30
31.55 	 109.60 	 57.65
31.57 	 109.40 	 57.65
31.60 	 109.50 	 56.72
31.62 	 109.80 	 56.60
31.65 	 109.20 	 56.84
31.68 	 110.10 	 57.30
31.70 	 109.70 	 57.65
31.73 	 109.70 	 56.95
31.75 	 110.00 	 57.19
31.77 	 109.80 	 56.95
31.80 	 110.50 	 56.95
31.82 	 110.10 	 57.65
31.85 	 110.80 	 57.65
31.88 	 110.30 	 57.07
31.90 	 111.10 	 56.60
31.93 	 110.70 	 57.19
31.95 	 111.50 	 57.42
31.98 	 110.80 	 57.88
32.00 	 112.00 	 57.42
32.02 	 111.00 	 57.42
32.05 	 111.90 	 57.19
32.08 	 111.30 	 56.84
32.10 	 112.10 	 57.07
32.12 	 111.50 	 57.53
32.15 	 112.20 	 57.88
32.17 	 111.80 	 57.65
32.20 	 112.00 	 57.42
32.23 	 112.40 	 57.53
32.25 	 112.20 	 58.00
32.27 	 112.70 	 58.35
32.30 	 112.40 	 57.77
32.33 	 113.30 	 57.42
32.35 	 112.80 	 56.84
32.38 	 113.40 	 57.07
32.40 	 112.60 	 57.30
32.42 	 113.50 	 58.12
32.45 	 112.90 	 57.53
32.48 	 113.00 	 58.12
32.50 	 113.10 	 57.53
32.52 	 112.60 	 58.35
32.55 	 113.30 	 58.82
32.58 	 112.70 	 59.05
32.60 	 113.30 	 58.82
32.62 	 112.70 	 58.23
32.65 	 113.60 	 57.77
32.67 	 113.30 	 58.58
32.70 	 113.80 	 59.28
32.73 	 114.10 	 59.17
32.75 	 114.00 	 59.05
32.77 	 114.40 	 58.82
32.80 	 114.60 	 58.47
32.83 	 114.80 	 59.05
32.85 	 114.70 	 59.28
32.88 	 115.00 	 59.40
32.90 	 115.50 	 59.05
32.92 	 115.10 	 58.47
32.95 	 115.80 	 58.58
32.98 	 115.00 	 58.93
33.00 	 115.70 	 59.63
33.02 	 115.20 	 59.52
33.05 	 115.70 	 59.28
33.08 	 115.30 	 58.70
33.10 	 115.70 	 58.70
33.12 	 115.40 	 59.75
33.15 	 115.70 	 59.75
33.17 	 115.50 	 59.52
33.20 	 116.00 	 59.05
33.23 	 116.00 	 59.05
33.25 	 116.70 	 59.05
33.27 	 116.90 	 59.28
33.30 	 117.60 	 58.70
33.33 	 117.00 	 58.70
33.35 	 117.40 	 58.23
33.38 	 116.60 	 58.12
33.40 	 117.10 	 58.23
33.42 	 116.40 	 59.52
33.45 	 116.80 	 59.17
33.48 	 116.40 	 59.05
33.50 	 116.90 	 58.58
33.52 	 116.60 	 58.58
33.55 	 117.00 	 58.82
33.58 	 117.00 	 59.17
33.60 	 117.20 	 59.52
33.62 	 117.60 	 59.40
33.65 	 117.20 	 58.93
33.67 	 117.70 	 58.47
33.70 	 117.90 	 58.47
33.73 	 117.70 	 59.75
33.75 	 118.20 	 59.63
33.77 	 118.10 	 59.17
33.80 	 117.80 	 58.70
33.83 	 118.90 	 58.70
33.85 	 118.40 	 59.17
33.88 	 118.90 	 59.75
33.90 	 118.80 	 59.75
33.92 	 119.00 	 59.17
33.95 	 119.40 	 59.05
33.98 	 119.10 	 58.70
34.00 	 119.60 	 58.93
34.02 	 119.50 	 59.75
34.05 	 120.10 	 59.40
34.08 	 120.20 	 59.05
34.10 	 120.80 	 58.47
34.12 	 120.70 	 58.58
34.15 	 120.10 	 59.05
34.17 	 120.20 	 59.17
34.20 	 120.20 	 59.52
34.23 	 119.90 	 59.05
34.25 	 119.90 	 58.70
34.27 	 120.00 	 58.47
34.30 	 120.10 	 58.70
34.33 	 120.30 	 59.52
34.35 	 120.20 	 59.52
34.38 	 120.60 	 59.05
34.40 	 120.50 	 58.93
34.42 	 120.80 	 58.70
34.45 	 121.20 	 59.40
34.48 	 120.90 	 59.63
34.50 	 121.40 	 59.87
34.52 	 121.40 	 59.17
34.55 	 121.50 	 59.05
34.58 	 121.90 	 59.05
34.60 	 121.60 	 59.52
34.62 	 122.30 	 59.98
34.65 	 122.00 	 59.40
34.67 	 122.20 	 59.52
34.70 	 122.20 	 58.70
34.73 	 122.30 	 59.17
34.75 	 122.60 	 59.40
34.77 	 122.40 	 59.98
34.80 	 123.10 	 59.40
34.83 	 123.40 	 59.40
34.85 	 123.50 	 59.05
34.88 	 123.70 	 59.05
34.90 	 123.10 	 59.17
34.92 	 123.40 	 59.98
34.95 	 122.90 	 59.17
34.98 	 123.30 	 59.05
35.00 	 122.60 	 58.82
35.02 	 123.70 	 59.17
35.05 	 122.90 	 59.63
35.08 	 123.70 	 59.75
35.10 	 123.60 	 59.17
35.12 	 123.60 	 58.93
35.15 	 124.00 	 59.17
35.17 	 124.00 	 59.40
35.20 	 124.00 	 59.75
35.23 	 124.50 	 59.98
35.25 	 124.30 	 59.40
35.27 	 124.60 	 58.93
35.30 	 124.50 	 59.28
35.33 	 124.70 	 59.63
35.35 	 125.00 	 59.87
35.38 	 124.80 	 59.75
35.40 	 125.10 	 59.52
35.42 	 125.10 	 58.93
35.45 	 125.00 	 58.93
35.48 	 126.10 	 59.40
35.50 	 125.80 	 59.63
35.52 	 126.30 	 59.98
35.55 	 126.00 	 59.17
35.58 	 125.90 	 59.05
35.60 	 125.90 	 59.28
35.62 	 125.70 	 59.98
35.65 	 126.30 	 59.63
35.67 	 126.00 	 59.63
35.70 	 126.30 	 59.17
35.73 	 126.20 	 59.05
35.75 	 126.40 	 58.93
35.77 	 126.70 	 59.98
35.80 	 126.30 	 59.98
35.83 	 127.00 	 59.87
35.85 	 126.90 	 58.93
35.88 	 126.80 	 58.93
35.90 	 126.90 	 59.40
35.92 	 127.20 	 59.87
35.95 	 127.20 	 59.98
35.98 	 127.60 	 59.98
36.00 	 127.60 	 59.40
36.02 	 127.70 	 59.17
36.05 	 127.70 	 59.52
36.08 	 127.80 	 59.98
36.10 	 128.30 	 60.22
36.12 	 128.50 	 59.63
36.15 	 128.80 	 59.52
36.17 	 129.10 	 59.17
36.20 	 128.30 	 59.75
36.23 	 129.00 	 60.22
36.25 	 128.10 	 59.40
36.27 	 129.00 	 59.52
36.30 	 128.60 	 59.17
36.33 	 128.70 	 59.17
36.35 	 129.10 	 59.75
36.38 	 128.90 	 59.87
36.40 	 129.50 	 60.45
36.42 	 129.10 	 59.40
36.45 	 129.30 	 59.28
36.48 	 129.70 	 59.28
36.50 	 129.40 	 59.98
36.52 	 129.70 	 59.98
36.55 	 129.50 	 59.75
36.58 	 129.80 	 59.52
36.60 	 130.00 	 59.28
36.62 	 129.90 	 59.40
36.65 	 130.30 	 59.52
36.67 	 130.60 	 60.10
36.70 	 130.40 	 59.87
36.73 	 130.90 	 59.63
36.75 	 131.40 	 59.52
36.77 	 131.10 	 59.75
36.80 	 131.30 	 59.98
36.83 	 130.80 	 59.87
36.85 	 131.00 	 59.63
36.88 	 131.20 	 59.40
36.90 	 130.80 	 59.28
36.92 	 131.40 	 59.52
36.95 	 131.10 	 59.98
36.98 	 131.30 	 59.63
37.00 	 131.60 	 59.98
37.02 	 131.60 	 59.75
37.05 	 131.50 	 59.40
37.08 	 132.00 	 59.63
37.10 	 131.80 	 59.87
37.12 	 132.10 	 60.22
37.15 	 132.30 	 59.98
37.17 	 132.10 	 59.75
37.20 	 132.30 	 59.17
37.23 	 132.40 	 59.40
37.25 	 132.80 	 60.10
37.27 	 132.70 	 60.45
37.30 	 133.20 	 59.87
37.33 	 133.10 	 59.52
37.35 	 133.60 	 59.40
37.38 	 133.90 	 60.22
37.40 	 133.60 	 60.10
37.42 	 134.00 	 60.22
37.45 	 133.40 	 59.40
37.48 	 133.70 	 59.17
37.50 	 133.60 	 59.52
37.52 	 133.60 	 59.98
37.55 	 133.90 	 60.22
37.58 	 133.90 	 60.10
37.60 	 133.80 	 59.98
37.62 	 134.70 	 59.40
37.65 	 134.00 	 59.98
37.67 	 134.20 	 59.98
37.70 	 134.70 	 59.87
37.73 	 134.40 	 60.22
37.75 	 134.70 	 59.40
37.77 	 134.70 	 59.40
37.80 	 134.80 	 59.52
37.83 	 135.20 	 59.87
37.85 	 135.10 	 59.98
37.88 	 134.90 	 59.98
37.90 	 135.40 	 59.98
37.92 	 135.80 	 59.40
37.95 	 135.90 	 59.63
37.98 	 136.30 	 60.45
38.00 	 136.00 	 60.22
38.02 	 135.90 	 59.98
38.05 	 136.00 	 59.52
38.08 	 136.10 	 59.40
38.10 	 135.90 	 59.75
38.12 	 136.50 	 59.98
38.15 	 136.20 	 60.10
38.17 	 136.50 	 60.10
38.20 	 136.60 	 59.98
38.23 	 136.50 	 59.75
38.25 	 136.50 	 59.87
38.27 	 136.70 	 60.10
38.30 	 136.70 	 59.87
38.33 	 136.90 	 59.75
38.35 	 137.30 	 59.75
38.38 	 137.20 	 59.63
38.40 	 137.60 	 59.98
38.42 	 137.50 	 60.33
38.45 	 137.60 	 60.10
38.48 	 137.60 	 59.87
38.50 	 138.00 	 59.52
38.52 	 138.20 	 59.98
38.55 	 138.20 	 60.10
38.58 	 138.60 	 60.45
38.60 	 138.10 	 60.45
38.62 	 138.30 	 59.52
38.65 	 138.70 	 59.28
38.67 	 138.50 	 59.40
38.70 	 138.60 	 59.98
38.73 	 138.70 	 60.22
38.75 	 138.70 	 60.22
38.77 	 138.60 	 59.40
38.80 	 139.00 	 59.40
38.83 	 138.90 	 59.87
38.85 	 138.70 	 60.22
38.88 	 139.60 	 60.10
38.90 	 139.50 	 59.98
38.92 	 139.50 	 59.98
38.95 	 139.60 	 59.63
38.98 	 139.70 	 59.75
39.00 	 139.90 	 60.33
39.02 	 140.00 	 60.68
39.05 	 140.40 	 60.22
39.08 	 140.70 	 59.40
39.10 	 140.70 	 59.75
39.12 	 141.10 	 60.10
39.15 	 140.80 	 60.57
39.17 	 140.80 	 60.33
39.20 	 140.70 	 59.63
39.23 	 140.80 	 59.75
39.25 	 140.30 	 59.52
39.27 	 141.90 	 59.98
39.30 	 140.50 	 59.63
39.33 	 141.80 	 60.68
39.35 	 140.90 	 59.87
39.38 	 141.40 	 59.40
39.40 	 141.50 	 59.75
39.42 	 142.00 	 60.45
39.45 	 141.70 	 60.33
39.48 	 142.20 	 59.98
39.50 	 142.00 	 59.63
39.52 	 142.20 	 59.40
39.55 	 142.40 	 59.40
39.58 	 142.40 	 60.22
39.60 	 142.50 	 60.45
39.62 	 142.70 	 59.63
39.65 	 142.70 	 59.75
39.67 	 143.30 	 59.52
39.70 	 143.50 	 59.63
39.73 	 142.80 	 60.45
39.75 	 142.70 	 60.22
39.77 	 143.00 	 59.87
39.80 	 143.30 	 59.40
39.83 	 142.90 	 59.52
39.85 	 143.70 	 59.87
39.88 	 143.00 	 60.68
39.90 	 144.00 	 59.87
39.92 	 143.10 	 59.98
39.95 	 144.60 	 59.75
39.98 	 143.70 	 59.63
40.00 	 144.00 	 60.10
40.02 	 143.90 	 60.68
40.05 	 144.40 	 60.68
40.08 	 143.70 	 59.87
40.10 	 144.40 	 59.63
40.12 	 144.50 	 59.52
40.15 	 144.40 	 60.10
40.17 	 144.80 	 60.33
40.20 	 144.80 	 60.10
40.23 	 144.50 	 60.22
40.25 	 145.30 	 59.52
40.27 	 145.30 	 59.63
40.30 	 144.60 	 60.33
40.33 	 144.90 	 60.68
40.35 	 144.50 	 59.75
40.38 	 144.40 	 59.87
40.40 	 144.20 	 59.52
40.42 	 144.50 	 60.22
40.45 	 144.40 	 60.33
40.48 	 144.10 	 60.10
40.50 	 144.20 	 59.98
40.52 	 144.50 	 59.87
40.55 	 143.90 	 59.98
40.58 	 144.40 	 60.10
40.60 	 144.20 	 60.33
40.62 	 144.10 	 60.33
40.65 	 144.30 	 60.45
40.67 	 144.60 	 59.98
40.70 	 144.20 	 59.75
40.73 	 144.40 	 60.22
40.75 	 144.40 	 60.10
40.77 	 144.30 	 60.33
40.80 	 144.70 	 59.98
40.83 	 144.80 	 59.75
40.85 	 145.10 	 59.98
40.88 	 145.00 	 60.22
40.90 	 144.60 	 60.45
40.92 	 144.80 	 60.45
40.95 	 144.40 	 59.63
40.98 	 144.30 	 59.98
41.00 	 144.40 	 59.87
41.02 	 143.90 	 60.57
41.05 	 144.50 	 60.22
41.08 	 144.60 	 59.98
41.10 	 144.30 	 59.98
41.12 	 144.40 	 59.87
41.15 	 144.20 	 59.87
41.17 	 144.40 	 60.22
41.20 	 144.50 	 60.33
41.23 	 144.40 	 59.87
41.25 	 144.10 	 59.98
41.27 	 144.40 	 59.52
41.30 	 144.20 	 60.22
41.33 	 144.10 	 60.33
41.35 	 144.70 	 60.33
41.38 	 144.10 	 60.22
41.40 	 144.70 	 59.75
41.42 	 144.60 	 59.75
41.45 	 145.20 	 59.98
41.48 	 145.00 	 60.45
41.50 	 144.80 	 59.98
41.52 	 144.40 	 59.98
41.55 	 144.70 	 59.40
41.58 	 144.00 	 59.63
41.60 	 144.40 	 60.10
41.62 	 144.10 	 60.10
41.65 	 144.10 	 60.45
41.67 	 144.40 	 59.75
41.70 	 144.30 	 59.63
41.73 	 144.00 	 59.75
41.75 	 144.50 	 60.10
41.77 	 144.30 	 60.80
41.80 	 144.30 	 60.45
41.83 	 144.30 	 59.98
41.85 	 144.20 	 59.75
41.88 	 144.10 	 59.75
41.90 	 144.50 	 60.45
41.92 	 144.40 	 60.45
41.95 	 144.50 	 60.33
41.98 	 144.50 	 59.98
42.00 	 144.40 	 59.98
42.02 	 144.50 	 60.10
42.05 	 144.70 	 60.68
42.08 	 144.90 	 60.68
42.10 	 145.40 	 59.63
42.12 	 144.90 	 59.28
42.15 	 145.10 	 59.17
42.17 	 144.60 	 59.98
42.20 	 144.30 	 60.33
42.23 	 144.50 	 60.22
42.25 	 143.80 	 59.75
42.27 	 144.40 	 59.75
42.30 	 144.00 	 59.75
42.33 	 143.70 	 60.10
42.35 	 144.40 	 60.45
42.38 	 143.90 	 60.33
42.40 	 144.20 	 59.63
42.42 	 144.20 	 59.63
42.45 	 144.20 	 59.98
42.48 	 144.00 	 59.87
42.50 	 144.30 	 60.57
42.52 	 144.30 	 60.45
42.55 	 144.20 	 60.22
42.58 	 144.40 	 59.98
42.60 	 144.40 	 59.98
42.62 	 144.70 	 60.57
42.65 	 144.60 	 60.10
42.67 	 144.50 	 59.63
42.70 	 144.30 	 59.98
42.73 	 144.60 	 59.63
42.75 	 144.50 	 59.63
42.77 	 145.10 	 60.45
42.80 	 145.20 	 60.68
42.83 	 144.90 	 59.40
42.85 	 145.20 	 59.28
42.88 	 144.60 	 59.52
42.90 	 144.60 	 59.75
42.92 	 144.00 	 60.45
42.95 	 144.20 	 59.63
42.98 	 144.30 	 59.75
43.00 	 143.80 	 59.75
43.02 	 144.30 	 59.17
43.05 	 144.00 	 59.63
43.08 	 144.10 	 60.45
43.10 	 144.20 	 60.22
43.12 	 144.30 	 59.98
43.15 	 143.90 	 59.98
43.17 	 144.20 	 59.87
43.20 	 143.90 	 60.45
43.23 	 144.20 	 60.68
43.25 	 144.20 	 60.10
43.27 	 144.60 	 60.22
43.30 	 144.30 	 59.52
43.33 	 144.40 	 59.75
43.35 	 144.40 	 60.22
43.38 	 144.30 	 60.33
43.40 	 144.50 	 59.87
43.42 	 144.50 	 59.75
43.45 	 144.20 	 59.98
43.48 	 144.50 	 59.98
43.50 	 144.80 	 60.45
43.52 	 145.10 	 60.68
43.55 	 145.30 	 59.98
43.58 	 145.10 	 58.93
43.60 	 144.80 	 59.52
43.62 	 144.70 	 59.52
43.65 	 143.90 	 60.10
43.67 	 144.60 	 59.63
43.70 	 143.90 	 59.87
43.73 	 144.20 	 59.52
43.75 	 144.20 	 59.52
43.77 	 144.10 	 59.98
43.80 	 144.30 	 60.68
43.83 	 143.80 	 60.45
43.85 	 144.30 	 59.63
43.88 	 144.10 	 59.98
43.90 	 144.20 	 59.75
43.92 	 144.40 	 60.68
43.95 	 144.10 	 60.68
43.98 	 144.60 	 60.22
44.00 	 143.90 	 59.75
44.02 	 144.50 	 59.75
44.05 	 144.40 	 59.40
44.08 	 143.80 	 60.45
44.10 	 144.60 	 60.45
44.12 	 144.40 	 60.10
44.15 	 144.10 	 60.22
44.17 	 144.60 	 59.98
44.20 	 144.70 	 60.10
44.23 	 145.10 	 60.68
44.25 	 145.40 	 59.87
44.27 	 145.00 	 59.98
44.30 	 145.10 	 59.40
44.33 	 144.70 	 59.52
44.35 	 144.30 	 59.75
44.38 	 144.60 	 60.45
44.40 	 143.90 	 60.10
44.42 	 144.30 	 60.22
44.45 	 144.10 	 59.40
44.48 	 143.90 	 59.40
44.50 	 144.30 	 59.87
44.52 	 144.10 	 60.57
44.55 	 143.90 	 60.33
44.58 	 144.20 	 59.75
44.60 	 144.20 	 59.98
44.62 	 144.00 	 59.75
44.65 	 144.60 	 59.63
44.67 	 144.10 	 60.57
44.70 	 144.40 	 60.68
44.73 	 144.30 	 59.75
44.75 	 144.20 	 59.63
44.77 	 144.10 	 59.98
44.80 	 144.40 	 60.33
44.83 	 144.10 	 60.68
44.85 	 144.20 	 60.45
44.88 	 144.50 	 59.87
44.90 	 144.10 	 60.22
44.92 	 144.20 	 59.98
44.95 	 144.50 	 60.45
44.98 	 144.00 	 60.45
45.00 	 142.90 	 60.80
45.02 	 143.30 	 60.92
45.05 	 143.00 	 60.10
45.08 	 142.60 	 60.22
45.10 	 141.40 	 60.68
45.12 	 140.00 	 60.57
45.15 	 139.00 	 60.57
45.17 	 137.80 	 60.10
45.20 	 136.80 	 60.45
45.23 	 136.00 	 60.33
45.25 	 134.90 	 60.80
45.27 	 134.20 	 61.15
45.30 	 133.30 	 60.92
45.33 	 132.50 	 60.33
45.35 	 131.50 	 60.45
45.38 	 130.70 	 60.92
45.40 	 130.20 	 61.03
45.42 	 128.80 	 61.15
45.45 	 128.00 	 60.92
45.48 	 127.60 	 60.33
