time [ms]	Pressure [Hgmm]	illuminance [lux]
0.00 	 0.30 	 54.62
0.03 	 0.30 	 53.81
0.05 	 -0.10 	 53.57
0.07 	 0.10 	 53.57
0.10 	 0.30 	 54.04
0.12 	 0.30 	 54.86
0.15 	 0.40 	 54.51
0.17 	 0.30 	 54.62
0.20 	 0.30 	 53.57
0.23 	 0.30 	 53.81
0.25 	 0.10 	 54.27
0.28 	 0.20 	 54.86
0.30 	 0.20 	 54.74
0.33 	 0.10 	 53.81
0.35 	 -0.00 	 53.34
0.38 	 0.00 	 53.46
0.40 	 0.30 	 53.34
0.42 	 0.20 	 53.57
0.45 	 0.20 	 53.34
0.47 	 0.30 	 53.22
0.50 	 0.20 	 52.99
0.53 	 0.30 	 52.88
0.55 	 0.40 	 53.57
0.57 	 -0.10 	 54.04
0.60 	 0.30 	 54.16
0.62 	 0.20 	 53.46
0.65 	 0.30 	 53.11
0.68 	 0.40 	 53.34
0.70 	 0.30 	 54.16
0.72 	 0.30 	 54.16
0.75 	 0.10 	 53.81
0.78 	 0.30 	 53.92
0.80 	 0.30 	 53.34
0.82 	 0.50 	 53.34
0.85 	 0.40 	 54.39
0.88 	 0.30 	 54.39
0.90 	 0.40 	 54.39
0.93 	 -0.00 	 54.04
0.95 	 0.30 	 53.81
0.97 	 0.30 	 54.27
1.00 	 0.40 	 54.51
1.02 	 0.40 	 54.62
1.05 	 0.30 	 54.27
1.07 	 0.30 	 53.81
1.10 	 0.20 	 53.81
1.12 	 0.20 	 54.04
1.15 	 0.30 	 55.09
1.18 	 0.10 	 55.09
1.20 	 -0.10 	 54.86
1.23 	 -0.00 	 54.16
1.25 	 -0.00 	 53.69
1.27 	 0.30 	 54.16
1.30 	 0.30 	 53.92
1.32 	 0.20 	 53.69
1.35 	 0.20 	 53.22
1.38 	 0.10 	 52.64
1.40 	 -0.20 	 53.22
1.43 	 0.20 	 53.34
1.45 	 0.30 	 53.92
1.48 	 0.40 	 53.81
1.50 	 0.50 	 53.69
1.52 	 0.40 	 53.34
1.55 	 0.30 	 53.11
1.57 	 0.40 	 53.57
1.60 	 0.30 	 54.16
1.62 	 0.20 	 53.92
1.65 	 0.50 	 53.34
1.68 	 0.30 	 52.88
1.70 	 0.30 	 53.57
1.73 	 0.30 	 54.16
1.75 	 0.40 	 54.39
1.77 	 0.60 	 54.27
1.80 	 0.10 	 53.81
1.82 	 0.40 	 53.92
1.85 	 0.20 	 53.57
1.88 	 0.00 	 54.62
1.90 	 -0.20 	 54.51
1.93 	 0.30 	 54.27
1.95 	 0.20 	 54.16
1.98 	 0.20 	 53.92
2.00 	 0.20 	 53.81
2.02 	 0.30 	 54.62
2.05 	 0.10 	 54.86
2.08 	 0.10 	 54.86
2.10 	 0.50 	 54.04
2.12 	 0.30 	 53.81
2.15 	 0.40 	 54.16
2.17 	 0.40 	 54.97
2.20 	 0.30 	 54.27
2.23 	 0.50 	 53.57
2.25 	 0.30 	 52.88
2.27 	 -0.10 	 52.88
2.30 	 0.30 	 52.99
2.33 	 0.30 	 53.69
2.35 	 0.30 	 53.34
2.38 	 0.20 	 53.11
2.40 	 0.30 	 53.22
2.42 	 0.30 	 52.88
2.45 	 0.40 	 53.22
2.48 	 0.40 	 54.04
2.50 	 0.30 	 53.69
2.52 	 0.10 	 53.46
2.55 	 0.20 	 52.88
2.58 	 0.20 	 53.22
2.60 	 0.20 	 53.34
2.62 	 0.20 	 53.81
2.65 	 0.10 	 53.92
2.67 	 0.10 	 53.69
2.70 	 0.10 	 53.34
2.73 	 0.30 	 53.46
2.75 	 0.30 	 53.92
2.77 	 0.40 	 54.27
2.80 	 0.30 	 53.81
2.83 	 0.20 	 53.57
2.85 	 0.30 	 53.69
2.88 	 0.20 	 53.92
2.90 	 0.30 	 54.62
2.92 	 0.40 	 54.51
2.95 	 0.30 	 54.04
2.98 	 0.30 	 54.04
3.00 	 0.40 	 53.92
3.02 	 0.50 	 53.92
3.05 	 -0.00 	 54.39
3.08 	 0.20 	 54.74
3.10 	 0.30 	 54.27
3.12 	 0.30 	 53.92
3.15 	 0.20 	 54.16
3.17 	 0.30 	 54.27
3.20 	 0.10 	 54.27
3.23 	 0.10 	 54.04
3.25 	 0.40 	 53.34
3.27 	 0.10 	 52.99
3.30 	 0.20 	 52.76
3.33 	 -0.00 	 52.76
3.35 	 0.20 	 53.11
3.38 	 0.10 	 53.57
3.40 	 0.30 	 53.11
3.42 	 -0.20 	 52.88
3.45 	 -0.00 	 53.22
3.48 	 0.30 	 53.57
3.50 	 0.10 	 53.81
3.52 	 0.40 	 53.57
3.55 	 0.30 	 53.46
3.58 	 0.30 	 53.22
3.60 	 0.40 	 52.88
3.62 	 0.20 	 53.34
3.65 	 0.30 	 53.92
3.67 	 0.10 	 53.81
3.70 	 -0.10 	 53.69
3.73 	 -0.10 	 53.69
3.75 	 0.30 	 53.34
3.77 	 0.40 	 54.16
3.80 	 0.30 	 54.62
3.83 	 0.30 	 54.04
3.85 	 0.40 	 53.81
3.88 	 0.30 	 53.69
3.90 	 0.30 	 53.69
3.92 	 0.20 	 54.39
3.95 	 0.30 	 54.51
3.98 	 0.30 	 54.62
4.00 	 0.10 	 53.81
4.03 	 0.20 	 53.69
4.05 	 0.20 	 54.39
4.08 	 0.20 	 54.74
4.10 	 0.20 	 54.74
4.12 	 0.20 	 54.62
4.15 	 0.30 	 53.81
4.17 	 0.50 	 53.34
4.20 	 0.20 	 53.11
4.22 	 0.20 	 53.69
4.25 	 0.30 	 53.81
4.28 	 0.30 	 53.34
4.30 	 0.30 	 52.88
4.33 	 0.20 	 52.64
4.35 	 0.50 	 53.69
4.38 	 0.30 	 54.16
4.40 	 0.20 	 54.16
4.42 	 0.20 	 53.57
4.45 	 0.30 	 53.34
4.47 	 0.40 	 53.11
4.50 	 0.40 	 53.34
4.53 	 0.40 	 53.81
4.55 	 0.30 	 54.16
4.58 	 0.30 	 53.69
4.60 	 0.10 	 53.69
4.62 	 0.30 	 53.34
4.65 	 0.20 	 54.04
4.67 	 0.40 	 54.74
4.70 	 0.40 	 54.39
4.72 	 -0.20 	 53.81
4.75 	 0.20 	 53.69
4.78 	 0.30 	 53.57
4.80 	 -0.10 	 54.04
4.83 	 0.30 	 54.74
4.85 	 0.40 	 54.62
4.88 	 0.30 	 54.39
4.90 	 0.40 	 53.92
4.92 	 0.20 	 54.04
4.95 	 0.40 	 54.74
4.97 	 0.30 	 54.74
5.00 	 0.40 	 54.86
5.03 	 0.40 	 54.04
5.05 	 0.10 	 53.92
5.08 	 0.30 	 53.46
5.10 	 0.40 	 53.57
5.12 	 0.40 	 53.57
5.15 	 0.30 	 53.34
5.17 	 2.30 	 52.88
5.20 	 0.40 	 52.18
5.22 	 3.10 	 52.53
5.25 	 0.30 	 54.39
5.28 	 4.30 	 52.41
5.30 	 0.40 	 53.69
5.33 	 4.40 	 52.53
5.35 	 0.40 	 52.88
5.38 	 4.50 	 52.99
5.40 	 1.00 	 53.46
5.42 	 4.40 	 53.92
5.45 	 0.90 	 52.99
5.47 	 4.60 	 53.11
5.50 	 0.90 	 51.94
5.53 	 4.90 	 53.92
5.55 	 1.20 	 54.62
5.58 	 4.40 	 53.22
5.60 	 1.40 	 54.04
5.62 	 4.80 	 52.99
5.65 	 1.70 	 53.57
5.67 	 4.90 	 53.81
5.70 	 1.80 	 54.39
5.72 	 5.00 	 54.39
5.75 	 1.60 	 53.81
5.78 	 5.50 	 54.39
5.80 	 1.90 	 53.46
5.83 	 5.70 	 54.62
5.85 	 2.40 	 54.51
5.88 	 6.00 	 52.99
5.90 	 2.90 	 53.92
5.92 	 6.10 	 52.76
5.95 	 3.20 	 53.34
5.97 	 6.30 	 53.57
6.00 	 3.30 	 54.39
6.03 	 6.60 	 54.62
6.05 	 3.60 	 53.81
6.08 	 7.40 	 54.51
6.10 	 3.40 	 53.57
6.12 	 7.60 	 55.09
6.15 	 4.30 	 55.55
6.17 	 8.10 	 54.16
6.20 	 5.30 	 54.97
6.22 	 5.00 	 54.74
6.25 	 6.30 	 54.97
6.28 	 5.40 	 55.67
6.30 	 5.50 	 56.14
6.33 	 4.90 	 55.90
6.35 	 9.40 	 55.32
6.38 	 4.90 	 54.62
6.40 	 8.90 	 55.55
6.42 	 5.30 	 54.62
6.45 	 9.70 	 54.86
6.47 	 5.50 	 56.14
6.50 	 9.60 	 54.62
6.53 	 5.90 	 55.79
6.55 	 9.30 	 55.09
6.58 	 6.60 	 55.79
6.60 	 6.70 	 56.25
6.62 	 6.50 	 55.55
6.65 	 9.40 	 54.62
6.67 	 6.60 	 53.92
6.70 	 9.80 	 54.86
6.72 	 6.40 	 54.62
6.75 	 10.70 	 55.90
6.78 	 6.70 	 55.55
6.80 	 11.10 	 53.57
6.83 	 7.20 	 54.97
6.85 	 11.20 	 54.62
6.88 	 7.80 	 55.67
6.90 	 9.00 	 55.79
6.92 	 7.40 	 55.55
6.95 	 11.90 	 54.51
6.97 	 8.30 	 54.16
7.00 	 8.40 	 55.79
7.03 	 8.30 	 56.14
7.05 	 10.70 	 56.25
7.08 	 8.30 	 55.67
7.10 	 12.00 	 54.62
7.12 	 8.60 	 55.67
7.15 	 11.70 	 55.44
7.17 	 8.60 	 56.14
7.20 	 12.60 	 55.55
7.22 	 8.50 	 55.44
7.25 	 12.60 	 55.20
7.28 	 9.10 	 55.09
7.30 	 13.00 	 55.90
7.33 	 9.10 	 55.55
7.35 	 13.60 	 56.72
7.38 	 9.90 	 55.32
7.40 	 11.50 	 54.27
7.42 	 10.40 	 55.32
7.45 	 10.40 	 55.55
7.47 	 10.60 	 55.79
7.50 	 10.40 	 55.20
7.53 	 12.30 	 54.51
7.55 	 10.30 	 54.51
7.58 	 14.60 	 54.86
7.60 	 10.50 	 54.51
7.62 	 14.40 	 56.14
7.65 	 10.50 	 54.62
7.67 	 14.40 	 53.69
7.70 	 10.90 	 55.55
7.72 	 15.20 	 54.39
7.75 	 11.00 	 55.67
7.78 	 15.10 	 54.97
7.80 	 11.40 	 55.32
7.83 	 15.40 	 54.51
7.85 	 12.50 	 54.74
7.88 	 12.60 	 56.14
7.90 	 12.80 	 56.60
7.92 	 12.80 	 56.60
7.95 	 12.70 	 56.49
7.97 	 12.80 	 56.14
8.00 	 12.80 	 56.14
8.03 	 12.40 	 56.37
8.05 	 15.60 	 55.79
8.07 	 12.50 	 56.49
8.10 	 16.70 	 55.09
8.12 	 12.30 	 55.32
8.15 	 16.70 	 54.86
8.18 	 12.50 	 54.86
8.20 	 16.70 	 55.20
8.22 	 13.00 	 54.27
8.25 	 17.40 	 54.97
8.28 	 13.40 	 53.46
8.30 	 17.60 	 53.69
8.32 	 14.10 	 56.02
8.35 	 14.10 	 56.25
8.38 	 14.50 	 56.02
8.40 	 14.40 	 55.79
8.43 	 14.40 	 55.20
8.45 	 15.90 	 54.97
8.47 	 14.10 	 55.44
8.50 	 18.00 	 55.79
8.53 	 14.00 	 54.51
8.55 	 18.20 	 55.55
8.57 	 14.20 	 53.92
8.60 	 18.10 	 54.62
8.62 	 14.50 	 56.37
8.65 	 18.60 	 54.97
8.68 	 14.90 	 56.02
8.70 	 18.70 	 55.09
8.72 	 15.30 	 55.20
8.75 	 19.40 	 55.20
8.78 	 16.00 	 55.90
8.80 	 16.10 	 57.19
8.82 	 16.60 	 56.60
8.85 	 16.60 	 56.49
8.88 	 16.40 	 56.14
8.90 	 16.50 	 56.72
8.93 	 18.10 	 55.67
8.95 	 16.40 	 55.90
8.97 	 19.80 	 54.62
9.00 	 16.50 	 54.86
9.03 	 20.50 	 53.57
9.05 	 16.30 	 54.86
9.07 	 20.30 	 54.97
9.10 	 16.90 	 54.97
9.12 	 21.00 	 55.20
9.15 	 17.20 	 54.39
9.18 	 21.10 	 55.55
9.20 	 18.00 	 54.51
9.22 	 18.40 	 56.25
9.25 	 18.60 	 56.02
9.28 	 18.40 	 55.44
9.30 	 18.10 	 55.55
9.32 	 20.10 	 55.32
9.35 	 18.20 	 55.90
9.38 	 20.60 	 55.90
9.40 	 17.30 	 56.25
9.43 	 21.70 	 55.44
9.45 	 17.60 	 54.62
9.47 	 21.60 	 55.79
9.50 	 17.70 	 54.51
9.53 	 22.40 	 54.97
9.55 	 18.60 	 56.37
9.57 	 22.20 	 54.74
9.60 	 19.00 	 55.79
9.62 	 22.80 	 55.20
9.65 	 20.30 	 56.25
9.68 	 20.40 	 56.60
9.70 	 20.80 	 56.02
9.72 	 21.00 	 55.20
9.75 	 21.00 	 54.74
9.78 	 21.00 	 54.74
9.80 	 20.70 	 55.32
9.82 	 20.40 	 56.02
9.85 	 21.90 	 54.86
9.88 	 20.20 	 54.97
9.90 	 24.30 	 53.57
9.93 	 20.30 	 55.32
9.95 	 24.40 	 55.09
9.97 	 20.30 	 55.32
10.00 	 24.30 	 54.74
10.03 	 21.00 	 54.04
10.05 	 24.40 	 55.09
10.07 	 21.20 	 54.62
10.10 	 24.50 	 56.02
10.12 	 22.00 	 56.49
10.15 	 21.90 	 56.02
10.18 	 21.90 	 55.44
10.20 	 23.80 	 55.09
10.22 	 22.00 	 56.49
10.25 	 24.30 	 56.25
10.28 	 22.10 	 56.14
10.30 	 24.80 	 55.67
10.32 	 21.90 	 55.20
10.35 	 26.10 	 55.55
10.38 	 21.90 	 55.09
10.40 	 25.90 	 56.60
10.43 	 21.90 	 56.72
10.45 	 26.20 	 54.04
10.47 	 22.10 	 55.20
10.50 	 26.50 	 54.16
10.53 	 23.20 	 55.32
10.55 	 25.60 	 55.09
10.57 	 23.80 	 54.74
10.60 	 24.10 	 54.97
10.62 	 23.80 	 54.86
10.65 	 25.40 	 54.51
10.68 	 23.80 	 54.97
10.70 	 26.60 	 55.44
10.72 	 23.50 	 54.86
10.75 	 27.40 	 53.34
10.78 	 23.60 	 55.32
10.80 	 28.20 	 54.39
10.82 	 24.20 	 55.44
10.85 	 27.90 	 54.74
10.88 	 25.00 	 54.97
10.90 	 25.20 	 55.67
10.93 	 25.10 	 55.20
10.95 	 26.80 	 55.20
10.97 	 24.80 	 55.44
11.00 	 28.80 	 56.49
11.03 	 25.50 	 54.74
11.05 	 27.30 	 55.09
11.07 	 25.50 	 56.02
11.10 	 28.40 	 55.55
11.12 	 25.40 	 56.49
11.15 	 29.20 	 55.44
11.18 	 24.90 	 55.79
11.20 	 29.20 	 55.20
11.22 	 25.90 	 55.20
11.25 	 29.90 	 56.25
11.28 	 26.40 	 56.02
11.30 	 29.50 	 57.19
11.32 	 27.20 	 55.55
11.35 	 27.60 	 55.20
11.38 	 27.90 	 55.20
11.40 	 27.80 	 55.55
11.43 	 27.80 	 55.67
11.45 	 27.50 	 55.55
11.47 	 27.50 	 54.97
11.50 	 29.00 	 54.27
11.53 	 27.10 	 54.62
11.55 	 31.20 	 54.97
11.57 	 27.00 	 54.97
11.60 	 31.20 	 55.79
11.62 	 27.10 	 54.16
11.65 	 30.90 	 53.34
11.68 	 27.50 	 55.55
11.70 	 31.90 	 54.62
11.72 	 27.70 	 55.90
11.75 	 32.00 	 54.51
11.78 	 29.00 	 55.09
11.80 	 28.80 	 55.79
11.82 	 31.10 	 55.55
11.85 	 29.50 	 56.02
11.88 	 29.60 	 56.37
11.90 	 29.30 	 56.37
11.93 	 31.00 	 56.25
11.95 	 28.90 	 56.25
11.97 	 32.80 	 54.86
12.00 	 28.70 	 56.72
12.03 	 32.40 	 55.44
12.05 	 28.50 	 56.14
12.07 	 33.30 	 55.32
12.10 	 29.70 	 55.44
12.12 	 33.50 	 55.90
12.15 	 30.20 	 56.25
12.18 	 32.40 	 57.19
12.20 	 30.40 	 56.37
12.22 	 33.70 	 56.60
12.25 	 31.20 	 56.37
12.28 	 31.50 	 56.37
12.30 	 31.50 	 56.72
12.32 	 31.20 	 56.25
12.35 	 31.20 	 55.55
12.38 	 32.70 	 54.74
12.40 	 31.00 	 55.09
12.43 	 35.10 	 54.86
12.45 	 31.20 	 55.20
12.47 	 35.50 	 55.44
12.50 	 31.10 	 54.62
12.53 	 35.20 	 55.79
12.55 	 31.70 	 53.92
12.57 	 36.30 	 54.62
12.60 	 32.40 	 56.25
12.62 	 32.60 	 55.90
12.65 	 32.90 	 56.02
12.68 	 32.80 	 55.44
12.70 	 32.60 	 55.67
12.72 	 35.00 	 55.90
12.75 	 32.30 	 56.49
12.78 	 36.40 	 55.67
12.80 	 32.00 	 55.09
12.82 	 36.10 	 55.90
12.85 	 32.00 	 54.51
12.88 	 35.80 	 55.55
12.90 	 32.40 	 56.84
12.93 	 36.70 	 55.55
12.95 	 32.80 	 56.49
12.97 	 36.80 	 55.20
13.00 	 33.70 	 56.25
13.03 	 36.50 	 56.60
13.05 	 34.40 	 56.72
13.07 	 34.80 	 57.42
13.10 	 34.60 	 56.84
13.12 	 34.70 	 56.37
13.15 	 34.50 	 56.14
13.18 	 37.20 	 55.32
13.20 	 34.60 	 55.90
13.22 	 38.10 	 54.27
13.25 	 34.40 	 54.97
13.28 	 38.40 	 54.39
13.30 	 34.20 	 55.32
13.32 	 38.50 	 55.79
13.35 	 34.20 	 55.44
13.38 	 38.30 	 55.79
13.40 	 34.10 	 54.86
13.43 	 38.20 	 55.44
13.45 	 35.30 	 54.27
13.47 	 38.90 	 54.97
13.50 	 35.80 	 56.49
13.53 	 39.80 	 54.86
13.55 	 36.40 	 55.79
13.57 	 37.20 	 55.90
13.60 	 37.00 	 57.19
13.62 	 36.90 	 57.19
13.65 	 36.70 	 57.07
13.68 	 38.20 	 56.14
13.70 	 36.20 	 55.90
13.72 	 40.20 	 56.14
13.75 	 36.70 	 55.20
13.78 	 40.80 	 55.79
13.80 	 36.70 	 57.65
13.82 	 40.80 	 55.44
13.85 	 37.40 	 56.72
13.88 	 41.00 	 56.49
13.90 	 37.70 	 57.42
13.93 	 40.10 	 57.30
13.95 	 38.30 	 57.07
13.97 	 38.40 	 57.65
14.00 	 38.60 	 56.84
14.03 	 38.40 	 56.37
14.05 	 39.70 	 56.37
14.07 	 38.20 	 56.02
14.10 	 42.00 	 54.04
14.12 	 37.90 	 55.79
14.15 	 41.50 	 54.39
14.18 	 37.80 	 55.79
14.20 	 42.30 	 55.55
14.22 	 38.60 	 56.37
14.25 	 42.50 	 55.79
14.28 	 39.40 	 55.32
14.30 	 41.10 	 55.67
14.32 	 39.80 	 56.02
14.35 	 40.50 	 56.60
14.38 	 40.30 	 57.19
14.40 	 40.20 	 56.49
14.43 	 39.80 	 56.14
14.45 	 42.70 	 55.32
14.47 	 39.60 	 56.95
14.50 	 43.30 	 56.25
14.53 	 39.20 	 56.37
14.55 	 43.30 	 56.25
14.57 	 40.00 	 55.79
14.60 	 43.70 	 56.25
14.62 	 40.50 	 55.90
14.65 	 44.70 	 57.42
14.68 	 41.00 	 55.90
14.70 	 43.80 	 55.90
14.72 	 41.90 	 57.07
14.75 	 41.50 	 57.30
14.78 	 42.90 	 57.53
14.80 	 41.70 	 58.00
14.82 	 43.20 	 57.30
14.85 	 41.60 	 57.07
14.88 	 45.80 	 56.60
14.90 	 41.90 	 55.79
14.93 	 44.90 	 56.95
14.95 	 42.10 	 56.02
14.97 	 44.80 	 56.72
15.00 	 41.70 	 56.02
15.03 	 45.30 	 54.39
15.05 	 42.10 	 56.14
15.07 	 46.30 	 55.55
15.10 	 42.20 	 56.49
15.12 	 46.10 	 55.79
15.15 	 43.20 	 55.67
15.18 	 44.70 	 55.90
15.20 	 43.30 	 56.14
15.22 	 46.00 	 56.60
15.25 	 44.00 	 56.49
15.28 	 43.70 	 56.60
15.30 	 45.40 	 55.20
15.32 	 43.30 	 56.49
15.35 	 47.10 	 55.44
15.38 	 42.90 	 57.65
15.40 	 46.60 	 56.95
15.43 	 43.20 	 56.37
15.45 	 47.60 	 56.25
15.47 	 43.70 	 56.25
15.50 	 47.70 	 56.84
15.53 	 44.60 	 56.95
15.55 	 46.70 	 58.12
15.57 	 45.00 	 56.84
15.60 	 46.80 	 56.95
15.62 	 45.10 	 57.53
15.65 	 47.10 	 57.30
15.68 	 45.40 	 58.58
15.70 	 47.30 	 57.53
15.72 	 45.40 	 57.53
15.75 	 48.80 	 56.37
15.78 	 45.50 	 56.02
15.80 	 49.50 	 56.37
15.82 	 45.20 	 55.90
15.85 	 48.90 	 56.60
15.88 	 45.00 	 54.97
15.90 	 49.40 	 56.49
15.93 	 45.90 	 56.84
15.95 	 49.50 	 56.02
15.97 	 46.50 	 57.30
16.00 	 49.30 	 56.37
16.02 	 46.70 	 56.37
16.05 	 50.10 	 56.02
16.07 	 47.90 	 56.60
16.10 	 47.50 	 57.30
16.12 	 47.20 	 57.88
16.15 	 49.80 	 57.19
16.18 	 47.00 	 56.25
16.20 	 51.00 	 57.19
16.23 	 47.20 	 57.88
16.25 	 51.20 	 56.37
16.27 	 47.10 	 57.53
16.30 	 50.50 	 56.49
16.32 	 47.30 	 56.95
16.35 	 51.60 	 56.37
16.38 	 47.80 	 57.30
16.40 	 51.60 	 57.77
16.43 	 48.50 	 57.65
16.45 	 50.50 	 58.00
16.48 	 49.20 	 57.42
16.50 	 49.60 	 58.00
16.52 	 49.60 	 58.35
16.55 	 49.70 	 58.12
16.57 	 49.50 	 57.07
16.60 	 49.40 	 56.72
16.62 	 51.10 	 55.55
16.65 	 48.70 	 56.25
16.68 	 52.40 	 56.25
16.70 	 48.20 	 56.37
16.73 	 52.00 	 56.95
16.75 	 48.70 	 55.90
16.77 	 52.70 	 56.60
16.80 	 48.70 	 55.55
16.82 	 52.90 	 55.90
16.85 	 49.80 	 57.65
16.88 	 53.40 	 56.02
16.90 	 50.50 	 56.60
16.93 	 53.10 	 56.25
16.95 	 50.90 	 56.95
16.98 	 52.90 	 57.30
17.00 	 51.40 	 57.77
17.02 	 51.20 	 58.12
17.05 	 52.70 	 57.30
17.07 	 50.70 	 56.84
17.10 	 54.70 	 57.88
17.12 	 51.00 	 58.58
17.15 	 55.10 	 56.72
17.18 	 51.00 	 58.35
17.20 	 54.50 	 56.60
17.23 	 50.60 	 57.88
17.25 	 55.10 	 57.42
17.27 	 51.60 	 58.35
17.30 	 55.10 	 58.47
17.32 	 52.40 	 57.65
17.35 	 54.80 	 57.42
17.38 	 53.00 	 56.14
17.40 	 53.50 	 57.19
17.43 	 53.30 	 57.07
17.45 	 53.00 	 57.30
17.48 	 55.00 	 56.02
17.50 	 52.50 	 56.60
17.52 	 56.30 	 55.44
17.55 	 52.20 	 57.19
17.57 	 56.10 	 57.19
17.60 	 52.10 	 56.37
17.62 	 55.80 	 56.84
17.65 	 51.90 	 55.67
17.68 	 56.10 	 56.37
17.70 	 52.80 	 56.02
17.73 	 56.00 	 58.00
17.75 	 53.00 	 57.30
17.77 	 56.80 	 55.67
17.80 	 53.40 	 57.42
17.82 	 57.20 	 56.72
17.85 	 54.00 	 58.00
17.88 	 57.50 	 57.53
17.90 	 55.00 	 57.30
17.93 	 56.10 	 57.77
17.95 	 55.60 	 57.53
17.98 	 55.50 	 58.58
18.00 	 55.40 	 59.05
18.02 	 56.80 	 58.93
18.05 	 54.60 	 58.70
18.07 	 58.50 	 56.60
18.10 	 54.30 	 58.47
18.12 	 58.30 	 57.30
18.15 	 55.70 	 57.53
18.18 	 59.70 	 56.72
18.20 	 56.00 	 56.49
18.23 	 59.50 	 56.49
18.25 	 56.70 	 56.02
18.27 	 56.60 	 57.19
18.30 	 58.10 	 57.42
18.32 	 56.60 	 57.42
18.35 	 59.10 	 55.90
18.38 	 55.80 	 57.65
18.40 	 60.10 	 55.90
18.43 	 56.00 	 57.53
18.45 	 59.70 	 56.95
18.48 	 55.70 	 57.30
18.50 	 59.30 	 56.72
18.52 	 56.30 	 55.90
18.55 	 60.10 	 56.95
18.57 	 56.00 	 56.72
18.60 	 60.50 	 58.58
18.62 	 57.20 	 56.60
18.65 	 60.70 	 56.49
18.68 	 57.80 	 58.00
18.70 	 61.40 	 56.84
18.73 	 58.50 	 58.58
18.75 	 60.10 	 58.93
18.77 	 58.70 	 58.70
18.80 	 60.80 	 58.47
18.82 	 58.90 	 58.35
18.85 	 60.80 	 58.82
18.88 	 58.40 	 59.05
18.90 	 61.90 	 59.52
18.93 	 57.90 	 58.00
18.95 	 62.30 	 56.60
18.98 	 59.60 	 57.30
19.00 	 61.20 	 56.95
19.02 	 59.30 	 57.88
19.05 	 63.40 	 56.37
19.07 	 60.10 	 56.84
19.10 	 61.40 	 56.95
19.12 	 59.60 	 56.95
19.15 	 63.20 	 56.84
19.18 	 59.90 	 57.42
19.20 	 63.90 	 58.58
19.23 	 60.00 	 57.19
19.25 	 63.80 	 58.00
19.27 	 60.90 	 57.53
19.30 	 62.30 	 57.30
19.32 	 60.80 	 58.58
19.35 	 64.20 	 57.42
19.38 	 61.30 	 57.53
19.40 	 62.90 	 57.30
19.43 	 60.50 	 57.53
19.45 	 64.30 	 57.88
19.48 	 61.10 	 58.12
19.50 	 64.80 	 58.93
19.52 	 60.90 	 57.65
19.55 	 64.60 	 58.82
19.57 	 61.70 	 58.93
19.60 	 65.10 	 58.00
19.62 	 62.10 	 59.87
19.65 	 65.60 	 58.58
19.68 	 62.50 	 59.52
19.70 	 65.00 	 59.05
19.73 	 63.70 	 58.35
19.75 	 63.60 	 58.23
19.77 	 63.40 	 58.00
19.80 	 63.20 	 57.77
19.82 	 64.60 	 56.84
19.85 	 62.70 	 56.60
19.88 	 66.40 	 56.02
19.90 	 62.40 	 58.35
19.93 	 66.20 	 57.19
19.95 	 62.20 	 58.35
19.98 	 66.00 	 57.07
20.00 	 62.00 	 57.88
20.02 	 65.60 	 57.30
20.05 	 62.70 	 57.65
20.07 	 66.60 	 58.12
20.10 	 63.10 	 57.07
20.12 	 66.90 	 58.12
20.15 	 63.40 	 56.60
20.18 	 67.30 	 57.42
20.20 	 64.40 	 59.75
20.23 	 67.60 	 58.35
20.25 	 64.90 	 59.28
20.27 	 66.60 	 58.47
20.30 	 65.40 	 58.47
20.32 	 65.60 	 59.52
20.35 	 65.30 	 60.10
20.38 	 67.60 	 59.98
20.40 	 64.70 	 59.05
20.43 	 68.60 	 59.75
20.45 	 65.20 	 58.00
20.48 	 69.20 	 57.77
20.50 	 65.50 	 59.52
20.52 	 69.20 	 56.60
20.55 	 66.40 	 57.42
20.57 	 66.50 	 57.07
20.60 	 66.30 	 57.07
20.62 	 68.80 	 57.42
20.65 	 65.60 	 57.77
20.68 	 69.50 	 57.30
20.70 	 66.00 	 56.84
20.73 	 69.60 	 57.77
20.75 	 65.60 	 56.60
20.77 	 69.60 	 58.70
20.80 	 66.80 	 59.05
20.82 	 70.10 	 56.84
20.85 	 67.30 	 57.65
20.88 	 70.80 	 56.95
20.90 	 67.50 	 58.35
20.93 	 71.50 	 58.00
20.95 	 68.00 	 58.47
20.98 	 70.00 	 59.17
21.00 	 68.50 	 58.70
21.02 	 68.00 	 59.17
21.05 	 71.70 	 59.05
21.07 	 68.60 	 57.77
21.10 	 70.10 	 59.98
21.12 	 68.30 	 59.87
21.15 	 71.80 	 58.35
21.18 	 67.60 	 59.52
21.20 	 71.00 	 59.05
21.23 	 67.60 	 59.87
21.25 	 71.90 	 60.22
21.27 	 68.40 	 58.70
21.30 	 72.30 	 58.12
21.32 	 69.60 	 56.49
21.35 	 71.50 	 57.30
21.38 	 69.60 	 57.42
21.40 	 73.50 	 56.49
21.43 	 70.00 	 57.77
21.45 	 71.70 	 57.07
21.48 	 69.80 	 58.00
21.50 	 73.90 	 57.53
21.52 	 70.40 	 58.70
21.55 	 72.10 	 58.70
21.57 	 70.30 	 58.35
21.60 	 74.30 	 57.88
21.62 	 70.30 	 56.95
21.65 	 73.70 	 58.00
21.68 	 70.90 	 57.53
21.70 	 73.70 	 57.53
21.73 	 70.80 	 59.28
21.75 	 75.00 	 57.53
21.77 	 71.30 	 59.28
21.80 	 73.80 	 59.28
21.82 	 72.00 	 60.22
21.85 	 71.80 	 60.45
21.88 	 73.70 	 59.75
21.90 	 71.70 	 59.17
21.93 	 75.60 	 59.40
21.95 	 71.70 	 59.05
21.98 	 75.10 	 60.80
22.00 	 71.30 	 60.57
22.02 	 75.20 	 58.58
22.05 	 72.20 	 59.98
22.07 	 76.00 	 57.53
22.10 	 73.50 	 58.00
22.12 	 73.60 	 58.58
22.15 	 73.30 	 58.00
22.18 	 74.20 	 57.53
22.20 	 72.50 	 57.42
22.23 	 76.20 	 57.53
22.25 	 72.30 	 57.65
22.27 	 76.10 	 59.52
22.30 	 72.00 	 59.52
22.32 	 75.80 	 56.84
22.35 	 71.90 	 58.70
22.38 	 75.70 	 57.65
22.40 	 71.60 	 58.70
22.43 	 75.40 	 57.88
22.45 	 72.20 	 58.35
22.48 	 75.60 	 57.77
22.50 	 72.40 	 57.88
22.52 	 76.40 	 58.70
22.55 	 72.70 	 58.70
22.57 	 76.70 	 60.22
22.60 	 73.20 	 58.58
22.62 	 77.20 	 58.12
22.65 	 73.90 	 59.87
22.68 	 77.60 	 58.93
22.70 	 74.50 	 60.33
22.73 	 77.90 	 59.75
22.75 	 75.30 	 59.98
22.77 	 78.70 	 59.40
22.80 	 76.00 	 59.75
22.82 	 77.50 	 60.80
22.85 	 77.00 	 61.15
22.88 	 77.60 	 60.45
22.90 	 77.20 	 58.70
22.93 	 76.90 	 57.65
22.95 	 76.50 	 58.35
22.98 	 78.40 	 58.12
23.00 	 75.70 	 59.05
23.02 	 79.10 	 57.77
23.05 	 75.20 	 58.00
23.07 	 79.00 	 58.00
23.10 	 75.00 	 58.23
23.12 	 78.80 	 59.98
23.15 	 74.90 	 58.47
23.18 	 78.60 	 59.28
23.20 	 74.30 	 57.42
23.23 	 77.70 	 57.07
23.25 	 76.60 	 59.05
23.27 	 78.20 	 58.58
23.30 	 75.40 	 60.22
23.32 	 78.80 	 59.28
23.35 	 76.20 	 59.17
23.38 	 79.70 	 59.28
23.40 	 76.80 	 59.63
23.43 	 80.30 	 60.33
23.45 	 77.50 	 60.10
23.48 	 81.10 	 60.57
23.50 	 78.40 	 59.17
23.52 	 81.80 	 59.40
23.55 	 79.10 	 61.73
23.57 	 81.20 	 61.15
23.60 	 79.50 	 61.61
23.62 	 80.20 	 61.03
23.65 	 80.40 	 59.75
23.68 	 80.30 	 58.58
23.70 	 80.10 	 58.12
23.73 	 79.80 	 58.70
23.75 	 81.50 	 58.23
23.77 	 78.60 	 57.65
23.80 	 82.00 	 58.58
23.82 	 77.70 	 59.75
23.85 	 80.90 	 58.82
23.88 	 78.00 	 60.10
23.90 	 82.10 	 58.47
23.93 	 78.30 	 58.93
23.95 	 81.60 	 58.23
23.98 	 79.00 	 58.58
24.00 	 82.20 	 59.17
24.02 	 78.80 	 59.28
24.05 	 82.90 	 59.40
24.07 	 79.40 	 58.58
24.10 	 83.20 	 59.63
24.12 	 79.70 	 58.47
24.15 	 83.70 	 59.40
24.18 	 80.70 	 61.03
24.20 	 84.20 	 59.63
24.23 	 81.10 	 60.68
24.25 	 84.90 	 60.22
24.27 	 82.00 	 60.68
24.30 	 85.50 	 61.38
24.32 	 82.30 	 61.38
24.35 	 85.20 	 61.50
24.38 	 83.20 	 60.92
24.40 	 83.00 	 61.50
24.43 	 83.70 	 61.61
24.45 	 83.90 	 60.45
24.48 	 83.90 	 58.70
24.50 	 83.80 	 58.35
24.52 	 83.20 	 58.58
24.55 	 85.50 	 57.30
24.57 	 82.60 	 58.23
24.60 	 85.90 	 58.70
24.62 	 81.60 	 58.93
24.65 	 84.90 	 59.28
24.68 	 80.70 	 58.35
24.70 	 84.20 	 59.75
24.73 	 82.30 	 58.23
24.75 	 85.00 	 58.58
24.77 	 81.60 	 59.98
24.80 	 85.50 	 58.23
24.82 	 82.00 	 59.75
24.85 	 85.70 	 58.70
24.88 	 82.60 	 59.63
24.90 	 85.80 	 60.68
24.93 	 83.10 	 60.68
24.95 	 86.20 	 60.92
24.98 	 83.60 	 59.98
25.00 	 86.70 	 60.57
25.02 	 84.20 	 60.22
25.05 	 87.40 	 60.45
25.07 	 84.80 	 62.08
25.10 	 88.10 	 59.63
25.12 	 85.30 	 61.03
25.15 	 88.70 	 60.80
25.18 	 85.80 	 61.73
25.20 	 89.40 	 62.08
25.23 	 86.50 	 61.38
25.25 	 87.10 	 62.08
25.27 	 87.20 	 61.38
25.30 	 87.40 	 59.75
25.32 	 87.20 	 59.17
25.35 	 86.80 	 58.70
25.38 	 88.50 	 57.77
25.40 	 85.80 	 59.05
25.43 	 89.10 	 57.88
25.45 	 85.20 	 59.40
25.48 	 88.80 	 59.63
25.50 	 84.80 	 60.68
25.52 	 88.20 	 59.98
25.55 	 84.40 	 59.63
25.57 	 87.80 	 59.87
25.60 	 85.90 	 59.05
25.62 	 87.20 	 59.98
25.65 	 87.50 	 59.52
25.68 	 87.30 	 59.52
25.70 	 87.80 	 59.17
25.73 	 88.30 	 59.98
25.75 	 87.90 	 60.80
25.77 	 89.70 	 61.26
25.80 	 88.00 	 61.73
25.82 	 91.50 	 61.26
25.85 	 89.30 	 61.15
25.88 	 89.30 	 61.50
25.90 	 89.50 	 62.08
25.93 	 89.80 	 63.01
25.95 	 89.50 	 62.43
25.98 	 90.50 	 61.15
26.00 	 88.50 	 61.73
26.02 	 92.10 	 60.92
26.05 	 88.70 	 62.08
26.07 	 92.70 	 59.87
26.10 	 88.80 	 58.70
26.12 	 92.10 	 57.53
26.15 	 89.20 	 57.42
26.18 	 92.50 	 58.58
26.20 	 88.50 	 58.70
26.23 	 92.40 	 60.33
26.25 	 88.90 	 59.75
26.27 	 92.20 	 59.17
26.30 	 89.30 	 61.15
26.32 	 92.50 	 60.33
26.35 	 90.20 	 61.61
26.38 	 93.50 	 60.33
26.40 	 90.70 	 60.80
26.43 	 93.80 	 60.22
26.45 	 91.40 	 60.45
26.48 	 93.60 	 61.15
26.50 	 91.60 	 61.61
26.52 	 93.80 	 62.31
26.55 	 91.30 	 61.15
26.57 	 95.40 	 59.87
26.60 	 91.90 	 61.73
26.62 	 95.10 	 61.03
26.65 	 92.40 	 62.55
26.68 	 93.80 	 61.85
26.70 	 92.10 	 61.73
26.73 	 96.20 	 61.03
26.75 	 92.30 	 61.15
26.77 	 95.40 	 61.50
26.80 	 92.60 	 61.85
26.82 	 96.00 	 62.43
26.85 	 93.50 	 61.03
26.88 	 94.30 	 59.87
26.90 	 94.40 	 59.52
26.93 	 94.00 	 59.75
26.95 	 93.60 	 60.33
26.98 	 95.70 	 59.28
27.00 	 92.40 	 59.98
27.02 	 95.50 	 59.75
27.05 	 91.80 	 60.22
27.07 	 95.40 	 61.03
27.10 	 91.60 	 61.03
27.12 	 95.00 	 61.50
27.15 	 91.50 	 59.98
27.18 	 95.80 	 61.38
27.20 	 92.20 	 61.73
27.23 	 95.40 	 60.80
27.25 	 92.50 	 62.20
27.27 	 95.40 	 60.68
27.30 	 92.90 	 61.03
27.32 	 96.10 	 60.57
27.35 	 92.90 	 61.26
27.38 	 96.40 	 61.85
27.40 	 93.40 	 61.26
27.43 	 97.30 	 62.20
27.45 	 94.00 	 60.68
27.48 	 97.50 	 61.73
27.50 	 94.40 	 62.43
27.52 	 98.10 	 61.38
27.55 	 95.00 	 63.01
27.57 	 98.50 	 61.61
27.60 	 95.40 	 61.50
27.62 	 99.40 	 61.26
27.65 	 96.70 	 61.73
27.68 	 99.30 	 62.20
27.70 	 98.10 	 60.57
27.73 	 97.80 	 60.22
27.75 	 97.60 	 59.63
27.77 	 97.10 	 59.75
27.80 	 99.10 	 60.22
27.82 	 96.10 	 61.85
27.85 	 99.00 	 60.10
27.88 	 95.00 	 61.26
27.90 	 98.50 	 60.10
27.93 	 94.60 	 60.33
27.95 	 98.00 	 61.26
27.98 	 95.70 	 61.26
28.00 	 97.20 	 61.03
28.02 	 97.20 	 60.33
28.05 	 97.10 	 60.10
28.07 	 97.60 	 60.68
28.10 	 97.70 	 61.85
28.12 	 98.30 	 61.73
28.15 	 98.80 	 61.26
28.18 	 98.70 	 61.85
28.20 	 100.60 	 61.03
28.23 	 99.00 	 61.96
28.25 	 100.70 	 62.78
28.27 	 100.10 	 62.78
28.30 	 99.90 	 63.01
28.32 	 100.00 	 62.78
28.35 	 99.90 	 62.55
28.38 	 99.50 	 62.20
28.40 	 102.70 	 60.80
28.43 	 99.00 	 62.66
28.45 	 102.70 	 60.57
28.48 	 99.10 	 61.15
28.50 	 102.50 	 58.70
28.52 	 99.20 	 59.87
28.55 	 103.10 	 59.87
28.57 	 99.20 	 60.33
28.60 	 102.10 	 61.03
28.62 	 99.10 	 60.33
28.65 	 101.90 	 61.26
28.68 	 98.60 	 60.57
28.70 	 102.80 	 62.31
28.73 	 99.40 	 62.55
28.75 	 102.80 	 60.92
28.77 	 99.80 	 61.73
28.80 	 103.20 	 60.57
28.82 	 100.50 	 61.85
28.85 	 103.30 	 61.96
28.88 	 100.70 	 62.20
28.90 	 103.70 	 61.85
28.93 	 100.90 	 61.03
28.95 	 104.00 	 62.08
28.98 	 101.30 	 61.03
29.00 	 104.70 	 63.01
29.02 	 101.50 	 62.66
29.05 	 105.10 	 60.80
29.07 	 101.80 	 62.08
29.10 	 105.50 	 61.15
29.12 	 102.00 	 62.55
29.15 	 105.90 	 62.20
29.18 	 103.30 	 62.31
29.20 	 105.20 	 61.96
29.23 	 104.50 	 60.80
29.25 	 104.30 	 60.57
29.27 	 103.70 	 60.57
29.30 	 104.70 	 61.38
29.32 	 102.40 	 62.08
29.35 	 105.40 	 59.98
29.38 	 101.70 	 61.50
29.40 	 104.90 	 60.57
29.43 	 101.20 	 62.20
29.45 	 104.70 	 61.61
29.48 	 101.10 	 61.38
29.50 	 104.10 	 61.38
29.52 	 103.90 	 60.10
29.55 	 103.80 	 60.45
29.57 	 104.10 	 61.26
29.60 	 104.40 	 62.08
29.62 	 104.80 	 61.61
29.65 	 105.50 	 61.38
29.68 	 104.50 	 62.20
29.70 	 107.00 	 61.50
29.73 	 105.30 	 62.90
29.75 	 108.50 	 62.20
29.77 	 106.30 	 62.31
29.80 	 106.60 	 62.66
29.82 	 106.20 	 62.78
29.85 	 106.40 	 62.78
29.88 	 106.00 	 63.13
29.90 	 109.20 	 63.01
29.93 	 105.80 	 62.78
29.95 	 109.70 	 59.52
29.98 	 105.80 	 60.33
30.00 	 108.80 	 59.75
30.02 	 104.70 	 61.03
30.05 	 107.70 	 60.45
30.07 	 103.90 	 60.80
30.10 	 107.50 	 61.15
30.12 	 104.10 	 60.80
30.15 	 106.80 	 62.08
30.18 	 107.20 	 61.15
30.20 	 107.10 	 61.15
30.23 	 107.50 	 61.15
30.25 	 108.10 	 61.15
30.27 	 106.50 	 62.66
30.30 	 109.30 	 61.73
30.32 	 107.40 	 62.66
30.35 	 110.50 	 61.50
30.38 	 108.20 	 62.08
30.40 	 110.40 	 61.73
30.43 	 108.60 	 61.73
30.45 	 110.20 	 62.90
30.48 	 108.60 	 62.43
30.50 	 111.20 	 63.25
30.52 	 108.50 	 61.50
30.55 	 112.10 	 60.57
30.57 	 108.40 	 63.01
30.60 	 111.40 	 61.73
30.62 	 109.00 	 62.66
30.65 	 111.90 	 61.85
30.68 	 109.50 	 61.96
30.70 	 112.40 	 61.50
30.73 	 110.30 	 60.92
30.75 	 110.50 	 61.50
30.77 	 110.20 	 61.73
30.80 	 109.40 	 61.61
30.82 	 112.20 	 61.61
30.85 	 108.30 	 61.96
30.88 	 111.30 	 61.03
30.90 	 107.20 	 62.66
30.93 	 110.20 	 61.50
30.95 	 110.80 	 60.68
30.98 	 109.00 	 61.38
31.00 	 111.30 	 61.26
31.02 	 108.80 	 61.50
31.05 	 112.00 	 62.43
31.07 	 109.10 	 61.73
31.10 	 112.50 	 62.66
31.12 	 109.90 	 60.57
31.15 	 112.90 	 61.15
31.18 	 110.40 	 63.36
31.20 	 113.30 	 61.96
31.23 	 111.00 	 63.01
31.25 	 113.80 	 61.61
31.27 	 111.40 	 62.08
31.30 	 114.30 	 62.08
31.32 	 112.10 	 62.55
31.35 	 115.00 	 63.01
31.38 	 112.50 	 62.31
31.40 	 114.50 	 62.66
31.43 	 112.90 	 62.08
31.45 	 113.80 	 62.31
31.48 	 112.60 	 63.36
31.50 	 117.10 	 61.50
31.52 	 114.20 	 61.73
31.55 	 113.70 	 61.50
31.57 	 113.00 	 61.85
31.60 	 115.80 	 61.15
31.62 	 112.20 	 61.73
31.65 	 115.20 	 62.78
31.68 	 111.40 	 61.85
31.70 	 114.50 	 62.20
31.73 	 110.50 	 60.80
31.75 	 113.40 	 62.43
31.77 	 114.20 	 61.61
31.80 	 113.00 	 62.20
31.82 	 114.30 	 61.26
31.85 	 113.80 	 61.38
31.88 	 114.80 	 61.61
31.90 	 114.00 	 62.31
31.93 	 116.00 	 62.66
31.95 	 114.20 	 62.78
31.98 	 117.20 	 62.43
32.00 	 115.10 	 61.96
32.02 	 117.60 	 62.43
32.05 	 115.60 	 61.61
32.08 	 116.90 	 63.01
32.10 	 116.20 	 63.36
32.12 	 116.00 	 62.90
32.15 	 116.70 	 62.08
32.17 	 114.90 	 63.01
32.20 	 118.30 	 62.08
32.23 	 114.80 	 62.43
32.25 	 118.10 	 62.66
32.27 	 114.80 	 61.50
32.30 	 118.30 	 62.31
32.33 	 114.40 	 60.33
32.35 	 117.30 	 61.50
32.38 	 114.70 	 62.90
32.40 	 117.50 	 60.92
32.42 	 113.40 	 62.20
32.45 	 117.00 	 61.15
32.48 	 116.70 	 60.92
32.50 	 116.50 	 61.50
32.52 	 116.80 	 62.08
32.55 	 117.10 	 62.55
32.58 	 118.00 	 62.31
32.60 	 116.70 	 62.31
32.62 	 119.50 	 62.78
32.65 	 117.60 	 61.96
32.67 	 120.50 	 62.08
32.70 	 118.10 	 63.25
32.73 	 121.10 	 61.85
32.75 	 118.60 	 62.43
32.77 	 120.20 	 62.78
32.80 	 118.70 	 63.71
32.83 	 120.50 	 62.90
32.85 	 118.80 	 62.78
32.88 	 121.10 	 62.20
32.90 	 117.90 	 61.61
32.92 	 121.00 	 62.78
32.95 	 118.00 	 61.85
32.98 	 121.10 	 61.50
33.00 	 117.50 	 63.01
33.02 	 121.20 	 60.92
33.05 	 118.90 	 62.55
33.08 	 121.80 	 61.03
33.10 	 119.40 	 61.73
33.12 	 122.10 	 61.50
33.15 	 118.70 	 62.20
33.17 	 122.20 	 62.08
33.20 	 118.70 	 61.26
33.23 	 122.00 	 62.78
33.25 	 118.50 	 61.96
33.27 	 122.00 	 63.71
33.30 	 119.30 	 63.25
33.33 	 122.30 	 61.26
33.35 	 119.50 	 62.43
33.38 	 122.40 	 62.55
33.40 	 120.10 	 63.01
33.42 	 122.70 	 62.20
33.45 	 120.10 	 62.78
33.48 	 123.00 	 61.96
33.50 	 120.70 	 61.73
33.52 	 123.50 	 62.90
33.55 	 120.90 	 62.78
33.58 	 123.80 	 63.36
33.60 	 121.50 	 62.90
33.62 	 124.40 	 61.26
33.65 	 121.90 	 62.90
33.67 	 124.70 	 62.20
33.70 	 122.30 	 63.25
33.73 	 125.10 	 62.55
33.75 	 122.60 	 62.78
33.77 	 125.60 	 61.96
33.80 	 123.50 	 61.50
33.83 	 123.80 	 63.60
33.85 	 124.30 	 63.95
33.88 	 123.90 	 62.66
33.90 	 123.00 	 62.55
33.92 	 125.70 	 60.92
33.95 	 121.50 	 62.78
33.98 	 124.50 	 61.73
34.00 	 120.40 	 63.13
34.02 	 122.90 	 62.31
34.05 	 123.60 	 61.03
34.08 	 123.30 	 61.26
34.10 	 123.70 	 61.85
34.12 	 123.90 	 62.43
34.15 	 124.40 	 62.43
34.17 	 123.90 	 62.55
34.20 	 125.50 	 61.50
34.23 	 123.80 	 62.90
34.25 	 126.80 	 62.31
34.27 	 124.80 	 63.71
34.30 	 128.00 	 62.66
34.33 	 125.50 	 62.43
34.35 	 125.80 	 63.13
34.38 	 125.50 	 62.90
34.40 	 127.10 	 63.13
34.42 	 125.30 	 63.01
34.45 	 128.50 	 63.13
34.48 	 124.80 	 61.73
34.50 	 127.50 	 61.03
34.52 	 124.00 	 63.25
34.55 	 127.90 	 61.73
34.58 	 124.60 	 63.71
34.60 	 127.50 	 62.78
34.62 	 125.10 	 62.66
34.65 	 128.00 	 61.61
34.67 	 124.50 	 61.85
34.70 	 128.00 	 62.78
34.73 	 124.30 	 62.55
34.75 	 127.50 	 63.36
34.77 	 124.30 	 61.85
34.80 	 127.30 	 63.01
34.83 	 126.00 	 62.55
34.85 	 127.50 	 62.20
34.88 	 126.60 	 63.13
34.90 	 128.10 	 61.96
34.92 	 126.30 	 62.66
34.95 	 129.00 	 62.20
34.98 	 126.80 	 62.55
35.00 	 130.10 	 62.90
35.02 	 127.40 	 63.13
35.05 	 130.50 	 63.60
35.08 	 127.70 	 62.08
35.10 	 131.00 	 63.25
35.12 	 127.90 	 63.71
35.15 	 131.00 	 62.43
35.17 	 128.50 	 63.36
35.20 	 131.50 	 61.96
35.23 	 128.70 	 62.66
35.25 	 131.90 	 61.96
35.27 	 129.00 	 62.55
35.30 	 132.60 	 62.90
35.33 	 129.40 	 62.66
35.35 	 132.00 	 63.13
35.38 	 130.10 	 62.55
35.40 	 130.60 	 63.01
35.42 	 130.00 	 63.60
35.45 	 131.30 	 62.66
35.48 	 128.80 	 63.83
35.50 	 131.00 	 61.85
35.52 	 127.40 	 62.66
35.55 	 129.80 	 61.73
35.58 	 129.90 	 61.61
35.60 	 130.00 	 61.96
35.62 	 130.20 	 62.20
35.65 	 130.10 	 62.20
35.67 	 130.80 	 62.20
35.70 	 131.00 	 62.20
35.73 	 131.80 	 63.25
35.75 	 130.70 	 64.18
35.77 	 133.30 	 62.55
35.80 	 131.70 	 62.90
35.83 	 132.70 	 63.01
35.85 	 131.60 	 62.90
35.88 	 133.90 	 63.01
35.90 	 131.70 	 63.13
35.92 	 134.50 	 63.36
35.95 	 131.70 	 62.20
35.98 	 135.00 	 63.01
36.00 	 131.30 	 61.61
36.02 	 134.80 	 62.31
36.05 	 131.70 	 63.83
36.08 	 134.60 	 61.96
36.10 	 132.60 	 63.13
36.12 	 135.50 	 61.73
36.15 	 132.90 	 62.66
36.17 	 135.00 	 62.90
36.20 	 132.70 	 63.01
36.23 	 135.50 	 63.36
36.25 	 132.40 	 62.20
36.27 	 135.60 	 63.25
36.30 	 132.30 	 61.26
36.33 	 135.70 	 62.31
36.35 	 132.30 	 63.95
36.38 	 136.30 	 61.96
36.40 	 132.50 	 62.66
36.42 	 135.90 	 62.08
36.45 	 133.00 	 62.66
36.48 	 136.10 	 63.48
36.50 	 133.10 	 63.36
36.52 	 136.10 	 63.25
36.55 	 133.60 	 61.96
36.58 	 136.10 	 63.25
36.60 	 133.40 	 64.18
36.62 	 136.30 	 62.78
36.65 	 133.80 	 63.60
36.67 	 136.60 	 61.96
36.70 	 134.30 	 62.66
36.73 	 136.80 	 62.20
36.75 	 134.00 	 63.13
36.77 	 136.90 	 63.48
36.80 	 134.80 	 62.78
36.83 	 137.10 	 63.25
36.85 	 135.30 	 61.96
36.88 	 138.20 	 63.25
36.90 	 136.00 	 64.30
36.92 	 138.60 	 62.20
36.95 	 135.80 	 63.36
36.98 	 138.60 	 62.20
37.00 	 135.60 	 63.01
37.02 	 138.90 	 62.55
37.05 	 135.40 	 63.01
37.08 	 139.00 	 63.36
37.10 	 135.90 	 62.78
37.12 	 139.10 	 63.13
37.15 	 136.10 	 61.61
37.17 	 138.90 	 62.08
37.20 	 136.20 	 64.18
37.23 	 139.60 	 62.43
37.25 	 136.30 	 62.90
37.27 	 139.30 	 62.43
37.30 	 136.50 	 62.78
37.33 	 139.50 	 62.78
37.35 	 136.60 	 63.13
37.38 	 139.30 	 63.36
37.40 	 137.20 	 62.66
37.42 	 139.60 	 63.36
37.45 	 137.20 	 63.71
37.48 	 140.10 	 62.08
37.50 	 137.20 	 64.06
37.52 	 140.00 	 62.78
37.55 	 137.90 	 63.48
37.58 	 140.30 	 62.20
37.60 	 138.00 	 62.55
37.62 	 140.90 	 63.25
37.65 	 138.10 	 63.36
37.67 	 141.40 	 63.83
37.70 	 139.00 	 62.66
37.73 	 141.80 	 63.48
37.75 	 138.60 	 63.71
37.77 	 141.40 	 62.78
37.80 	 139.10 	 63.60
37.83 	 141.60 	 62.66
37.85 	 139.10 	 62.66
37.88 	 141.80 	 61.96
37.90 	 139.60 	 62.90
37.92 	 142.40 	 63.48
37.95 	 139.90 	 63.25
37.98 	 142.50 	 63.95
38.00 	 139.70 	 61.50
38.02 	 142.90 	 61.50
38.05 	 140.00 	 63.83
38.08 	 143.00 	 62.78
38.10 	 140.50 	 63.60
38.12 	 142.80 	 63.01
38.15 	 140.60 	 62.66
38.17 	 142.90 	 62.55
38.20 	 140.60 	 62.66
38.23 	 143.70 	 63.48
38.25 	 140.10 	 62.78
38.27 	 143.80 	 63.60
38.30 	 140.30 	 63.36
38.33 	 143.70 	 61.50
38.35 	 140.70 	 63.36
38.38 	 143.80 	 62.90
38.40 	 140.80 	 63.36
38.42 	 144.20 	 62.78
38.45 	 141.10 	 62.90
38.48 	 144.60 	 62.78
38.50 	 141.70 	 62.66
38.52 	 144.00 	 63.83
38.55 	 141.90 	 62.78
38.58 	 144.30 	 61.96
38.60 	 141.70 	 63.25
38.62 	 144.30 	 61.96
38.65 	 141.90 	 63.60
38.67 	 144.80 	 63.71
38.70 	 141.60 	 63.48
38.73 	 144.50 	 62.90
38.75 	 142.50 	 61.96
38.77 	 144.70 	 63.25
38.80 	 142.60 	 62.66
38.83 	 145.20 	 64.41
38.85 	 142.60 	 63.60
38.88 	 145.10 	 61.85
38.90 	 142.90 	 63.13
38.92 	 145.60 	 62.55
38.95 	 142.90 	 63.71
38.98 	 145.80 	 63.13
39.00 	 142.80 	 62.66
39.02 	 145.70 	 62.90
39.05 	 142.90 	 61.96
39.08 	 146.00 	 63.48
39.10 	 143.10 	 64.30
39.12 	 146.10 	 62.55
39.15 	 142.70 	 63.60
39.17 	 146.40 	 62.31
39.20 	 143.40 	 63.01
39.23 	 146.40 	 63.01
39.25 	 144.60 	 62.90
39.27 	 146.30 	 62.90
39.30 	 145.30 	 62.20
39.33 	 146.40 	 62.66
39.35 	 146.50 	 61.73
39.38 	 147.00 	 63.25
39.40 	 145.70 	 64.18
39.42 	 148.10 	 62.78
39.45 	 146.20 	 63.36
39.48 	 148.40 	 62.55
39.50 	 146.70 	 62.66
39.52 	 149.50 	 63.95
39.55 	 146.60 	 63.36
39.58 	 150.00 	 63.71
39.60 	 147.40 	 62.31
39.62 	 150.40 	 61.85
39.65 	 147.40 	 63.95
39.67 	 150.60 	 63.01
39.70 	 147.70 	 63.71
39.73 	 150.80 	 62.55
39.75 	 147.30 	 63.48
39.77 	 151.00 	 62.78
39.80 	 147.40 	 62.43
39.83 	 151.10 	 63.60
39.85 	 147.70 	 62.90
39.88 	 151.10 	 64.06
39.90 	 147.90 	 63.60
39.92 	 151.30 	 62.08
39.95 	 148.20 	 63.83
39.98 	 150.80 	 63.25
40.00 	 148.40 	 63.60
40.02 	 150.80 	 62.90
40.05 	 148.50 	 62.66
40.08 	 150.70 	 62.90
40.10 	 148.70 	 62.43
40.12 	 150.80 	 64.41
40.15 	 148.20 	 63.95
40.17 	 151.00 	 62.08
40.20 	 148.80 	 63.48
40.23 	 151.40 	 62.78
40.25 	 148.80 	 63.95
40.27 	 151.40 	 63.13
40.30 	 149.10 	 62.90
40.33 	 151.30 	 63.01
40.35 	 149.30 	 62.20
40.38 	 151.20 	 63.48
40.40 	 149.00 	 62.43
40.42 	 151.50 	 62.66
40.45 	 149.20 	 63.71
40.48 	 151.80 	 61.96
40.50 	 148.80 	 62.90
40.52 	 152.00 	 63.01
40.55 	 149.20 	 63.36
40.58 	 152.10 	 63.60
40.60 	 148.40 	 62.78
40.62 	 152.00 	 63.48
40.65 	 149.10 	 61.96
40.67 	 152.10 	 62.20
40.70 	 149.30 	 64.41
40.73 	 150.70 	 62.78
40.75 	 149.10 	 63.60
40.77 	 151.50 	 62.55
40.80 	 148.70 	 62.78
40.83 	 151.60 	 63.36
40.85 	 148.30 	 63.25
40.88 	 151.80 	 63.60
40.90 	 148.40 	 62.43
40.92 	 151.30 	 61.61
40.95 	 148.70 	 63.83
40.98 	 151.10 	 63.01
41.00 	 148.80 	 63.60
41.02 	 150.80 	 63.25
41.05 	 148.60 	 63.48
41.08 	 151.20 	 62.66
41.10 	 148.10 	 62.55
41.12 	 151.00 	 63.71
41.15 	 148.40 	 63.13
41.17 	 151.30 	 64.41
41.20 	 148.10 	 63.71
41.23 	 151.50 	 61.85
41.25 	 148.40 	 63.95
41.27 	 151.40 	 63.25
41.30 	 148.40 	 63.95
41.33 	 151.00 	 63.13
41.35 	 148.70 	 62.78
41.38 	 151.00 	 63.25
41.40 	 148.70 	 62.20
41.42 	 150.70 	 64.30
41.45 	 148.50 	 64.18
41.48 	 151.40 	 61.96
41.50 	 148.70 	 63.60
41.52 	 151.60 	 62.31
41.55 	 148.90 	 63.60
41.58 	 151.80 	 63.13
41.60 	 148.80 	 63.36
41.62 	 151.50 	 63.25
41.65 	 148.60 	 62.55
41.67 	 152.00 	 63.36
41.70 	 148.80 	 64.30
41.73 	 152.00 	 62.43
41.75 	 148.80 	 63.60
41.77 	 151.50 	 62.31
41.80 	 149.00 	 63.01
41.83 	 151.90 	 62.90
41.85 	 149.00 	 63.25
41.88 	 151.90 	 63.60
41.90 	 148.60 	 62.66
41.92 	 151.50 	 63.48
41.95 	 149.20 	 62.08
41.98 	 151.60 	 61.96
42.00 	 149.20 	 64.06
42.02 	 151.70 	 63.01
42.05 	 149.40 	 63.36
42.08 	 150.70 	 63.01
42.10 	 149.40 	 63.25
42.12 	 150.80 	 63.71
42.15 	 148.30 	 63.60
42.17 	 152.30 	 63.83
42.20 	 148.80 	 62.08
42.23 	 151.10 	 61.85
42.25 	 148.50 	 63.95
42.27 	 151.20 	 62.43
42.30 	 147.50 	 63.83
42.33 	 150.50 	 63.01
42.35 	 147.60 	 62.90
42.38 	 150.20 	 62.78
42.40 	 147.50 	 62.66
42.42 	 150.40 	 63.71
42.45 	 147.30 	 63.48
42.48 	 150.50 	 64.06
42.50 	 146.40 	 63.48
42.52 	 150.50 	 61.85
42.55 	 147.30 	 63.60
42.58 	 150.10 	 62.90
42.60 	 147.20 	 63.71
42.62 	 149.60 	 63.13
42.65 	 148.60 	 62.55
42.67 	 150.00 	 62.90
42.70 	 147.70 	 62.20
42.73 	 150.20 	 63.83
42.75 	 147.90 	 64.06
42.77 	 150.60 	 62.20
42.80 	 147.80 	 63.36
42.83 	 150.70 	 62.20
42.85 	 148.10 	 63.36
42.88 	 151.30 	 63.48
42.90 	 148.60 	 62.90
42.92 	 151.50 	 63.48
42.95 	 148.80 	 62.78
42.98 	 151.70 	 63.48
