time [ms]	Pressure [Hgmm]	illuminance [lux]
0.00 	 -0.00 	 51.13
0.03 	 0.10 	 51.36
0.05 	 0.40 	 51.25
0.07 	 0.40 	 50.78
0.10 	 0.10 	 50.90
0.12 	 0.40 	 50.90
0.15 	 0.30 	 51.48
0.17 	 0.40 	 51.83
0.20 	 0.10 	 51.59
0.23 	 0.40 	 51.13
0.25 	 0.10 	 50.78
0.28 	 0.40 	 51.36
0.30 	 0.40 	 51.36
0.33 	 0.50 	 51.83
0.35 	 0.50 	 51.36
0.38 	 0.40 	 50.55
0.40 	 0.30 	 50.66
0.42 	 0.20 	 50.90
0.45 	 0.50 	 51.36
0.47 	 0.30 	 51.01
0.50 	 0.30 	 50.90
0.53 	 0.30 	 50.43
0.55 	 -0.00 	 50.20
0.57 	 0.00 	 50.08
0.60 	 0.20 	 51.13
0.62 	 -0.10 	 51.36
0.65 	 0.40 	 50.55
0.68 	 0.00 	 50.31
0.70 	 0.40 	 50.66
0.72 	 0.20 	 50.78
0.75 	 0.30 	 51.59
0.78 	 0.00 	 51.01
0.80 	 0.30 	 50.78
0.82 	 0.00 	 50.43
0.85 	 0.50 	 50.31
0.88 	 0.40 	 50.55
0.90 	 0.80 	 51.25
0.93 	 0.60 	 51.25
0.95 	 0.10 	 50.55
0.97 	 0.40 	 50.31
1.00 	 0.30 	 50.90
1.02 	 0.40 	 51.36
1.05 	 0.30 	 51.59
1.07 	 0.60 	 51.01
1.10 	 0.30 	 51.01
1.12 	 0.40 	 50.08
1.15 	 0.30 	 50.08
1.18 	 0.60 	 50.31
1.20 	 0.60 	 50.78
1.23 	 0.40 	 50.78
1.25 	 0.60 	 50.43
1.27 	 0.40 	 50.20
1.30 	 0.20 	 50.43
1.32 	 0.20 	 51.13
1.35 	 0.40 	 51.13
1.38 	 0.20 	 51.13
1.40 	 0.20 	 50.31
1.43 	 0.40 	 50.20
1.45 	 0.10 	 50.08
1.48 	 0.30 	 50.90
1.50 	 0.40 	 50.78
1.52 	 0.30 	 50.78
1.55 	 0.30 	 50.43
1.57 	 0.00 	 50.08
1.60 	 0.50 	 50.66
1.62 	 0.30 	 51.13
1.65 	 0.40 	 51.01
1.68 	 0.40 	 50.78
1.70 	 0.50 	 50.08
1.73 	 0.20 	 50.31
1.75 	 0.30 	 50.90
1.77 	 0.50 	 51.25
1.80 	 0.30 	 51.36
1.82 	 0.60 	 50.55
1.85 	 0.50 	 50.66
1.88 	 0.50 	 49.85
1.90 	 0.40 	 50.43
1.93 	 0.40 	 50.90
1.95 	 0.50 	 50.55
1.98 	 -0.10 	 50.31
2.00 	 0.10 	 50.20
2.02 	 0.00 	 50.08
2.05 	 0.40 	 50.66
2.08 	 0.30 	 51.13
2.10 	 0.30 	 51.13
2.12 	 0.40 	 50.90
2.15 	 0.20 	 50.43
2.17 	 0.20 	 50.20
2.20 	 0.30 	 50.78
2.23 	 -0.10 	 51.01
2.25 	 -0.00 	 50.90
2.27 	 0.30 	 50.31
2.30 	 0.40 	 50.20
2.33 	 0.40 	 50.31
2.35 	 0.40 	 50.78
2.38 	 0.40 	 51.01
2.40 	 0.40 	 51.13
2.42 	 0.30 	 50.90
2.45 	 0.50 	 50.66
2.48 	 0.10 	 50.55
2.50 	 0.40 	 51.13
2.52 	 0.40 	 51.01
2.55 	 0.40 	 50.66
2.58 	 0.40 	 50.20
2.60 	 0.40 	 49.97
2.62 	 0.50 	 50.20
2.65 	 0.50 	 50.55
2.67 	 0.30 	 50.55
2.70 	 0.20 	 50.31
2.73 	 0.50 	 50.43
2.75 	 0.00 	 50.20
2.77 	 0.40 	 50.08
2.80 	 0.30 	 51.36
2.83 	 0.30 	 50.78
2.85 	 0.40 	 50.43
2.88 	 0.40 	 50.20
2.90 	 0.20 	 49.85
2.92 	 0.40 	 50.31
2.95 	 0.20 	 51.13
2.98 	 0.40 	 50.78
3.00 	 0.40 	 50.55
3.02 	 0.40 	 50.08
3.05 	 0.70 	 49.85
3.08 	 0.50 	 50.08
3.10 	 0.40 	 50.90
3.12 	 0.40 	 50.90
3.15 	 0.40 	 50.66
3.17 	 0.30 	 50.31
3.20 	 0.30 	 50.31
3.23 	 0.60 	 50.90
3.25 	 0.40 	 50.78
3.27 	 0.40 	 50.55
3.30 	 0.30 	 50.20
3.33 	 0.50 	 49.97
3.35 	 0.50 	 49.73
3.38 	 0.30 	 50.20
3.40 	 0.20 	 50.55
3.42 	 0.30 	 50.31
3.45 	 0.20 	 49.85
3.48 	 0.30 	 49.62
3.50 	 0.40 	 49.85
3.52 	 0.00 	 50.90
3.55 	 0.00 	 50.90
3.58 	 0.20 	 50.66
3.60 	 0.30 	 50.08
3.62 	 0.30 	 50.20
3.65 	 -0.10 	 49.85
3.67 	 0.40 	 50.90
3.70 	 0.50 	 51.13
3.73 	 0.40 	 50.31
3.75 	 0.10 	 50.08
3.77 	 0.40 	 50.20
3.80 	 0.40 	 50.43
3.83 	 0.40 	 50.78
3.85 	 0.50 	 51.36
3.88 	 0.40 	 50.90
3.90 	 0.40 	 50.20
3.92 	 0.60 	 49.97
3.95 	 0.50 	 50.43
3.98 	 0.30 	 50.43
4.00 	 0.40 	 50.66
4.03 	 0.50 	 50.66
4.05 	 0.40 	 49.85
4.08 	 0.30 	 49.97
4.10 	 0.20 	 50.43
4.12 	 0.40 	 50.78
4.15 	 0.20 	 50.90
4.17 	 0.30 	 50.55
4.20 	 0.30 	 50.20
4.22 	 0.10 	 49.97
4.25 	 0.30 	 49.85
4.28 	 0.20 	 50.55
4.30 	 0.30 	 50.78
4.33 	 0.20 	 50.31
4.35 	 0.50 	 49.85
4.38 	 0.30 	 49.85
4.40 	 0.30 	 50.55
4.42 	 0.40 	 50.78
4.45 	 0.30 	 50.90
4.47 	 0.00 	 50.31
4.50 	 0.40 	 49.97
4.53 	 0.40 	 49.97
4.55 	 0.40 	 49.85
4.58 	 0.40 	 50.31
4.60 	 0.40 	 50.08
4.62 	 0.50 	 49.62
4.65 	 0.30 	 49.38
4.67 	 0.30 	 49.73
4.70 	 0.50 	 50.08
4.72 	 0.30 	 50.90
4.75 	 0.20 	 50.20
4.78 	 0.30 	 49.62
4.80 	 0.30 	 49.73
4.83 	 0.20 	 49.73
4.85 	 0.40 	 49.97
4.88 	 0.30 	 50.31
4.90 	 0.30 	 50.43
4.92 	 0.20 	 50.20
4.95 	 0.20 	 49.73
4.97 	 0.30 	 49.97
5.00 	 0.30 	 50.66
5.03 	 0.40 	 50.43
5.05 	 0.60 	 50.08
5.08 	 0.40 	 49.97
5.10 	 0.50 	 49.38
5.12 	 0.40 	 49.97
5.15 	 0.60 	 50.66
5.17 	 0.50 	 50.43
5.20 	 2.30 	 49.62
5.22 	 0.70 	 48.92
5.25 	 2.20 	 49.03
5.28 	 0.50 	 49.50
5.30 	 4.40 	 48.57
5.33 	 0.60 	 49.73
5.35 	 5.00 	 48.22
5.38 	 0.40 	 49.03
5.40 	 4.70 	 48.57
5.42 	 0.50 	 48.69
5.45 	 4.20 	 49.38
5.47 	 0.60 	 49.15
5.50 	 4.40 	 49.73
5.53 	 1.10 	 48.57
5.55 	 4.80 	 49.15
5.58 	 1.10 	 50.08
5.60 	 4.90 	 49.27
5.62 	 1.20 	 50.43
5.65 	 5.20 	 48.80
5.67 	 1.70 	 48.92
5.70 	 5.60 	 49.03
5.72 	 2.00 	 49.97
5.75 	 5.80 	 50.43
5.78 	 2.40 	 50.20
5.80 	 6.20 	 50.08
5.83 	 2.80 	 49.27
5.85 	 6.30 	 49.85
5.88 	 3.50 	 50.55
5.90 	 4.40 	 50.43
5.92 	 4.00 	 50.43
5.95 	 3.90 	 50.08
5.97 	 3.90 	 50.20
6.00 	 5.60 	 49.73
6.03 	 4.00 	 50.55
6.05 	 6.00 	 50.90
6.08 	 3.80 	 50.31
6.10 	 8.10 	 50.08
6.12 	 3.80 	 48.92
6.15 	 7.70 	 50.20
6.17 	 3.70 	 49.27
6.20 	 7.60 	 49.62
6.22 	 3.90 	 50.78
6.25 	 7.80 	 49.15
6.28 	 4.50 	 50.08
6.30 	 8.00 	 49.85
6.33 	 4.60 	 50.78
6.35 	 8.80 	 51.36
6.38 	 5.10 	 50.90
6.40 	 8.90 	 50.78
6.42 	 5.70 	 50.08
6.45 	 7.20 	 51.13
6.47 	 6.30 	 50.90
6.50 	 6.50 	 51.83
6.53 	 6.50 	 51.48
6.55 	 6.40 	 51.13
6.58 	 7.70 	 50.31
6.60 	 6.30 	 51.59
6.62 	 9.10 	 51.25
6.65 	 6.00 	 51.83
6.67 	 10.20 	 51.25
6.70 	 5.90 	 50.31
6.72 	 9.90 	 51.01
6.75 	 6.40 	 50.31
6.78 	 10.50 	 51.94
6.80 	 6.60 	 52.53
6.83 	 10.40 	 50.90
6.85 	 6.90 	 51.48
6.88 	 10.90 	 50.78
6.90 	 7.40 	 52.29
6.92 	 11.10 	 52.18
6.95 	 7.90 	 52.18
6.97 	 10.00 	 52.53
7.00 	 8.10 	 52.29
7.03 	 10.80 	 52.18
7.05 	 8.90 	 51.94
7.08 	 9.00 	 53.34
7.10 	 8.90 	 53.46
7.12 	 9.00 	 52.41
7.15 	 8.90 	 52.18
7.17 	 10.30 	 51.94
7.20 	 8.20 	 52.88
7.22 	 12.50 	 52.29
7.25 	 8.40 	 52.41
7.28 	 12.70 	 51.94
7.30 	 8.90 	 51.48
7.33 	 12.70 	 52.41
7.35 	 9.00 	 52.18
7.38 	 13.20 	 53.69
7.40 	 9.40 	 52.18
7.42 	 13.40 	 51.48
7.45 	 10.30 	 52.88
7.47 	 10.30 	 53.34
7.50 	 12.00 	 53.57
7.53 	 10.50 	 53.92
7.55 	 12.00 	 53.46
7.58 	 10.30 	 53.11
7.60 	 14.10 	 52.76
7.62 	 10.50 	 52.41
7.65 	 14.60 	 53.69
7.67 	 10.70 	 53.22
7.70 	 14.80 	 53.81
7.72 	 11.50 	 53.11
7.75 	 11.60 	 53.22
7.78 	 11.70 	 53.69
7.80 	 13.00 	 53.92
7.83 	 11.50 	 54.04
7.85 	 14.90 	 52.88
7.88 	 11.30 	 52.88
7.90 	 15.10 	 52.64
7.92 	 11.30 	 52.76
7.95 	 15.00 	 54.16
7.97 	 11.20 	 53.11
8.00 	 15.10 	 53.92
8.03 	 11.60 	 54.04
8.05 	 15.50 	 52.53
8.07 	 12.00 	 54.39
8.10 	 15.70 	 53.57
8.12 	 12.80 	 54.39
8.15 	 16.30 	 53.69
8.18 	 13.40 	 53.69
8.20 	 14.30 	 53.92
8.22 	 13.30 	 54.04
8.25 	 16.70 	 54.51
8.28 	 13.50 	 54.04
8.30 	 16.30 	 54.51
8.32 	 13.80 	 53.46
8.35 	 16.40 	 53.34
8.38 	 13.90 	 54.74
8.40 	 17.00 	 53.81
8.43 	 13.90 	 54.39
8.45 	 18.20 	 53.11
8.47 	 14.60 	 53.34
8.50 	 15.70 	 54.16
8.53 	 14.60 	 54.27
8.55 	 17.80 	 54.74
8.57 	 14.80 	 54.27
8.60 	 17.50 	 54.86
8.62 	 14.50 	 53.22
8.65 	 18.20 	 52.88
8.68 	 15.00 	 55.20
8.70 	 18.60 	 53.92
8.72 	 15.10 	 54.51
8.75 	 19.00 	 53.69
8.78 	 15.50 	 54.04
8.80 	 19.30 	 54.16
8.82 	 16.20 	 54.86
8.85 	 16.30 	 55.79
8.88 	 16.10 	 55.55
8.90 	 18.90 	 54.86
8.93 	 16.20 	 54.16
8.95 	 20.20 	 53.81
8.97 	 16.10 	 55.67
9.00 	 20.10 	 54.27
9.03 	 16.80 	 54.74
9.05 	 18.60 	 54.04
9.07 	 16.80 	 54.62
9.10 	 20.60 	 54.51
9.12 	 17.30 	 55.32
9.15 	 19.40 	 55.44
9.18 	 17.70 	 54.51
9.20 	 17.60 	 55.20
9.22 	 19.70 	 54.51
9.25 	 17.00 	 53.92
9.28 	 21.00 	 54.39
9.30 	 17.20 	 55.44
9.32 	 21.40 	 54.04
9.35 	 17.00 	 54.86
9.38 	 21.40 	 54.04
9.40 	 18.20 	 54.97
9.43 	 21.50 	 55.55
9.45 	 18.20 	 55.32
9.47 	 22.20 	 55.20
9.50 	 19.30 	 54.04
9.53 	 19.20 	 55.32
9.55 	 19.10 	 55.44
9.57 	 21.00 	 54.97
9.60 	 19.20 	 55.90
9.62 	 21.40 	 54.62
9.65 	 18.70 	 54.97
9.68 	 22.40 	 54.27
9.70 	 18.50 	 55.44
9.72 	 22.20 	 55.55
9.75 	 18.60 	 55.20
9.78 	 22.80 	 55.20
9.80 	 19.00 	 54.27
9.82 	 22.60 	 55.44
9.85 	 19.30 	 54.86
9.88 	 23.10 	 54.74
9.90 	 20.20 	 56.25
9.93 	 23.80 	 54.51
9.95 	 20.80 	 54.97
9.97 	 22.90 	 55.32
10.00 	 21.00 	 56.02
10.03 	 23.30 	 55.90
10.05 	 21.20 	 55.44
10.07 	 23.50 	 55.55
10.10 	 21.50 	 54.97
10.12 	 23.30 	 55.67
10.15 	 21.30 	 55.44
10.18 	 25.00 	 54.62
10.20 	 21.00 	 56.02
10.22 	 25.20 	 54.39
10.25 	 21.50 	 55.20
10.28 	 25.30 	 55.09
10.30 	 22.00 	 55.90
10.32 	 25.70 	 55.67
10.35 	 22.40 	 55.55
10.38 	 25.00 	 55.55
10.40 	 22.70 	 55.32
10.43 	 25.20 	 55.90
10.45 	 23.10 	 55.67
10.47 	 23.10 	 56.95
10.50 	 25.00 	 55.32
10.53 	 23.20 	 55.79
10.55 	 26.00 	 54.97
10.57 	 23.00 	 56.14
10.60 	 26.60 	 55.67
10.62 	 22.40 	 56.02
10.65 	 26.20 	 55.79
10.68 	 22.10 	 55.09
10.70 	 25.80 	 55.44
10.72 	 21.80 	 55.20
10.75 	 25.50 	 56.84
10.78 	 22.20 	 55.55
10.80 	 25.90 	 54.51
10.82 	 22.60 	 55.90
10.85 	 26.80 	 54.97
10.88 	 23.20 	 56.14
10.90 	 27.10 	 55.79
10.93 	 23.60 	 55.67
10.95 	 27.60 	 55.20
10.97 	 24.50 	 55.09
11.00 	 28.40 	 55.55
11.03 	 25.00 	 55.20
11.05 	 29.00 	 56.95
11.07 	 26.10 	 55.55
11.10 	 26.50 	 55.90
11.12 	 26.30 	 55.67
11.15 	 26.10 	 56.49
11.18 	 27.70 	 56.49
11.20 	 26.10 	 56.60
11.22 	 28.70 	 56.02
11.25 	 25.50 	 55.79
11.28 	 29.50 	 55.09
11.30 	 25.40 	 55.32
11.32 	 29.40 	 56.49
11.35 	 25.20 	 55.79
11.38 	 28.90 	 56.37
11.40 	 24.80 	 56.14
11.43 	 28.80 	 54.51
11.45 	 25.40 	 56.37
11.47 	 28.90 	 55.44
11.50 	 25.30 	 56.49
11.53 	 29.60 	 55.55
11.55 	 26.10 	 55.67
11.57 	 30.00 	 55.55
11.60 	 26.50 	 55.44
11.62 	 30.70 	 56.37
11.65 	 27.50 	 55.67
11.68 	 31.20 	 56.37
11.70 	 28.10 	 55.32
11.72 	 31.20 	 55.55
11.75 	 29.00 	 56.95
11.78 	 29.40 	 56.84
11.80 	 29.50 	 56.60
11.82 	 29.00 	 56.14
11.85 	 28.60 	 55.90
11.88 	 32.20 	 55.09
11.90 	 28.30 	 55.44
11.93 	 32.60 	 56.14
11.95 	 28.90 	 55.20
11.97 	 32.30 	 56.25
12.00 	 29.00 	 54.62
12.03 	 33.00 	 54.62
12.05 	 29.10 	 56.60
12.07 	 33.20 	 55.20
12.10 	 30.00 	 56.37
12.12 	 32.40 	 55.20
12.15 	 30.40 	 55.79
12.18 	 30.40 	 56.25
12.20 	 32.10 	 56.25
12.22 	 30.70 	 56.49
12.25 	 32.20 	 56.37
12.28 	 30.00 	 55.79
12.30 	 33.80 	 55.44
12.32 	 29.70 	 56.72
12.35 	 33.40 	 55.32
12.38 	 29.20 	 56.84
12.40 	 33.10 	 54.97
12.43 	 29.80 	 55.79
12.45 	 33.10 	 55.32
12.47 	 30.30 	 55.90
12.50 	 33.90 	 56.14
12.53 	 30.70 	 55.90
12.55 	 34.60 	 56.14
12.57 	 31.30 	 55.09
12.60 	 35.30 	 55.67
12.62 	 32.20 	 56.49
12.65 	 34.60 	 55.67
12.68 	 32.40 	 56.49
12.70 	 35.70 	 55.09
12.72 	 33.20 	 55.55
12.75 	 33.20 	 55.67
12.78 	 33.40 	 56.14
12.80 	 32.90 	 56.60
12.82 	 35.60 	 56.02
12.85 	 32.70 	 55.32
12.88 	 36.30 	 55.55
12.90 	 32.10 	 54.16
12.93 	 35.60 	 55.67
12.95 	 31.30 	 56.37
12.97 	 35.30 	 54.74
13.00 	 32.10 	 55.44
13.03 	 35.60 	 54.27
13.05 	 32.30 	 55.20
13.07 	 36.10 	 55.79
13.10 	 32.60 	 55.67
13.12 	 36.70 	 55.44
13.15 	 33.30 	 54.97
13.18 	 37.20 	 55.44
13.20 	 33.80 	 54.27
13.22 	 37.80 	 56.25
13.25 	 35.00 	 56.72
13.28 	 36.80 	 55.67
13.30 	 35.00 	 56.02
13.32 	 37.90 	 55.32
13.35 	 35.70 	 56.02
13.38 	 35.60 	 56.37
13.40 	 37.20 	 55.90
13.43 	 35.70 	 55.44
13.45 	 37.70 	 55.32
13.47 	 35.50 	 54.62
13.50 	 39.00 	 55.32
13.53 	 34.70 	 54.16
13.55 	 38.10 	 54.39
13.57 	 33.90 	 55.44
13.60 	 37.60 	 54.16
13.62 	 34.30 	 55.09
13.65 	 38.00 	 55.09
13.68 	 34.70 	 55.67
13.70 	 38.70 	 55.55
13.72 	 34.90 	 54.86
13.75 	 39.10 	 54.74
13.78 	 35.60 	 54.39
13.80 	 39.50 	 55.20
13.82 	 36.30 	 54.51
13.85 	 40.00 	 54.62
13.88 	 37.10 	 55.67
13.90 	 40.90 	 54.39
13.93 	 37.70 	 55.32
13.95 	 40.50 	 55.79
13.97 	 38.40 	 56.25
14.00 	 39.10 	 56.25
14.03 	 39.00 	 55.90
14.05 	 38.40 	 55.44
14.07 	 40.10 	 55.20
14.10 	 37.50 	 55.44
14.12 	 40.90 	 56.72
14.15 	 37.00 	 56.14
14.18 	 41.20 	 54.27
14.20 	 37.80 	 55.67
14.22 	 41.20 	 54.51
14.25 	 38.10 	 55.79
14.28 	 41.90 	 54.97
14.30 	 38.20 	 55.20
14.32 	 42.30 	 54.51
14.35 	 38.70 	 54.04
14.38 	 42.70 	 54.86
14.40 	 39.20 	 54.51
14.43 	 43.20 	 56.14
14.45 	 40.00 	 54.62
14.47 	 42.50 	 54.27
14.50 	 40.30 	 55.20
14.53 	 42.80 	 55.20
14.55 	 41.20 	 55.90
14.57 	 40.70 	 56.37
14.60 	 42.40 	 55.32
14.62 	 40.60 	 54.97
14.65 	 44.30 	 54.62
14.68 	 40.20 	 54.04
14.70 	 43.50 	 55.90
14.72 	 39.20 	 54.74
14.75 	 43.80 	 56.14
14.78 	 40.20 	 55.44
14.80 	 43.50 	 54.04
14.82 	 40.60 	 55.90
14.85 	 43.90 	 55.44
14.88 	 40.80 	 55.90
14.90 	 44.70 	 54.97
14.93 	 41.50 	 55.32
14.95 	 44.70 	 55.09
14.97 	 42.10 	 54.97
15.00 	 45.70 	 56.14
15.03 	 42.90 	 55.20
15.05 	 43.20 	 56.02
15.07 	 42.90 	 55.20
15.10 	 44.50 	 54.74
15.12 	 43.10 	 55.90
15.15 	 44.20 	 55.67
15.18 	 42.20 	 56.02
15.20 	 45.60 	 54.62
15.22 	 41.50 	 54.86
15.25 	 45.00 	 55.09
15.28 	 40.70 	 54.97
15.30 	 44.30 	 56.25
15.32 	 41.20 	 54.97
15.35 	 44.60 	 55.44
15.38 	 41.20 	 55.44
15.40 	 45.10 	 54.39
15.43 	 41.60 	 56.25
15.45 	 45.50 	 55.20
15.47 	 42.00 	 55.79
15.50 	 45.90 	 54.74
15.53 	 42.80 	 54.97
15.55 	 46.50 	 55.55
15.57 	 43.10 	 55.79
15.60 	 47.00 	 56.49
15.62 	 44.00 	 55.20
15.65 	 47.70 	 55.90
15.68 	 44.70 	 54.27
15.70 	 48.20 	 54.74
15.72 	 45.20 	 56.95
15.75 	 49.10 	 55.20
15.78 	 46.00 	 55.44
15.80 	 46.50 	 55.20
15.82 	 45.90 	 55.55
15.85 	 48.50 	 54.86
15.88 	 46.30 	 55.44
15.90 	 47.70 	 56.25
15.93 	 45.50 	 55.55
15.95 	 48.60 	 55.44
15.97 	 45.00 	 53.81
16.00 	 49.20 	 54.62
16.02 	 45.10 	 56.25
16.05 	 48.20 	 54.74
16.07 	 45.60 	 55.67
16.10 	 49.00 	 54.62
16.12 	 45.80 	 54.74
16.15 	 49.60 	 55.32
16.18 	 46.20 	 55.55
16.20 	 49.90 	 56.02
16.23 	 46.70 	 55.09
16.25 	 50.30 	 55.79
16.27 	 47.10 	 54.62
16.30 	 50.80 	 54.74
16.32 	 47.60 	 56.72
16.35 	 51.40 	 55.20
16.38 	 48.40 	 55.79
16.40 	 50.00 	 55.20
16.43 	 48.50 	 55.44
16.45 	 51.30 	 56.02
16.48 	 48.80 	 56.49
16.50 	 50.30 	 56.02
16.52 	 49.00 	 55.20
16.55 	 50.90 	 55.09
16.57 	 48.40 	 54.04
16.60 	 51.60 	 54.04
16.62 	 47.40 	 55.90
16.65 	 51.40 	 54.16
16.68 	 48.10 	 55.20
16.70 	 51.40 	 54.86
16.73 	 47.90 	 55.09
16.75 	 51.90 	 55.32
16.77 	 47.80 	 55.55
16.80 	 51.70 	 55.44
16.82 	 48.40 	 54.51
16.85 	 51.90 	 55.09
16.88 	 48.70 	 54.27
16.90 	 52.20 	 56.02
16.93 	 49.30 	 56.25
16.95 	 52.70 	 54.51
16.98 	 49.80 	 55.55
17.00 	 53.20 	 54.62
17.02 	 50.40 	 55.20
17.05 	 53.80 	 56.02
17.07 	 50.70 	 55.79
17.10 	 54.60 	 55.79
17.12 	 51.40 	 54.74
17.15 	 54.30 	 55.79
17.18 	 51.80 	 54.74
17.20 	 53.90 	 56.72
17.23 	 52.50 	 56.49
17.25 	 52.20 	 55.55
17.27 	 53.40 	 54.51
17.30 	 52.10 	 55.09
17.32 	 55.30 	 54.39
17.35 	 50.90 	 55.55
17.38 	 54.30 	 55.32
17.40 	 50.10 	 54.51
17.43 	 53.50 	 54.62
17.45 	 49.20 	 54.16
17.48 	 52.40 	 55.55
17.50 	 51.80 	 54.62
17.52 	 52.30 	 54.51
17.55 	 52.10 	 54.62
17.57 	 52.40 	 54.39
17.60 	 52.90 	 54.51
17.62 	 53.70 	 55.55
17.65 	 53.30 	 55.67
17.68 	 55.20 	 55.20
17.70 	 53.60 	 55.20
17.73 	 56.50 	 55.09
17.75 	 54.70 	 54.62
17.77 	 54.70 	 56.02
17.80 	 55.10 	 56.37
17.82 	 55.10 	 56.02
17.85 	 54.60 	 55.44
17.88 	 56.20 	 54.86
17.90 	 53.30 	 55.67
17.93 	 56.60 	 55.20
17.95 	 53.10 	 56.14
17.98 	 57.00 	 54.74
18.00 	 53.00 	 54.62
18.02 	 56.10 	 54.27
18.05 	 53.20 	 53.81
18.07 	 56.60 	 55.20
18.10 	 53.00 	 54.27
18.12 	 56.70 	 53.81
18.15 	 53.00 	 55.32
18.18 	 56.80 	 54.16
18.20 	 53.60 	 55.55
18.23 	 57.30 	 55.09
18.25 	 54.10 	 55.79
18.27 	 57.80 	 54.86
18.30 	 54.90 	 54.51
18.32 	 58.40 	 54.86
18.35 	 55.10 	 54.27
18.38 	 59.00 	 55.79
18.40 	 55.90 	 55.09
18.43 	 59.40 	 56.02
18.45 	 56.50 	 55.20
18.48 	 59.80 	 54.04
18.50 	 56.90 	 55.67
18.52 	 60.00 	 55.67
18.55 	 57.40 	 55.67
18.57 	 60.60 	 54.97
18.60 	 57.90 	 55.09
18.62 	 59.40 	 55.32
18.65 	 58.30 	 55.79
18.68 	 59.60 	 56.25
18.70 	 57.90 	 55.79
18.73 	 61.20 	 55.55
18.75 	 57.90 	 54.74
18.77 	 61.20 	 53.46
18.80 	 57.20 	 55.67
18.82 	 60.90 	 54.51
18.85 	 57.70 	 54.97
18.88 	 60.60 	 54.27
18.90 	 57.70 	 54.27
18.93 	 60.80 	 54.86
18.95 	 57.80 	 54.62
18.98 	 61.20 	 56.02
19.00 	 58.20 	 54.86
19.02 	 61.50 	 55.44
19.05 	 58.50 	 55.32
19.07 	 61.80 	 54.16
19.10 	 58.70 	 55.90
19.12 	 62.00 	 55.09
19.15 	 58.90 	 55.55
19.18 	 62.50 	 54.51
19.20 	 59.30 	 54.62
19.23 	 62.90 	 54.74
19.25 	 59.70 	 55.44
19.27 	 63.10 	 56.25
19.30 	 60.30 	 55.20
19.32 	 63.40 	 55.67
19.35 	 60.80 	 56.02
19.38 	 64.00 	 54.86
19.40 	 61.40 	 56.14
19.43 	 62.50 	 55.67
19.45 	 61.80 	 55.32
19.48 	 61.90 	 55.09
19.50 	 61.20 	 54.86
19.52 	 64.10 	 54.27
19.55 	 60.00 	 54.51
19.57 	 63.60 	 55.32
19.60 	 60.00 	 54.16
19.62 	 63.00 	 55.09
19.65 	 59.80 	 53.69
19.68 	 63.50 	 54.27
19.70 	 59.80 	 55.90
19.73 	 63.60 	 54.51
19.75 	 59.80 	 54.74
19.77 	 63.70 	 54.16
19.80 	 60.40 	 54.86
19.82 	 63.80 	 54.97
19.85 	 60.70 	 55.20
19.88 	 64.10 	 55.44
19.90 	 61.30 	 54.62
19.93 	 64.50 	 55.09
19.95 	 61.40 	 53.92
19.98 	 65.00 	 54.86
20.00 	 61.90 	 56.14
20.02 	 65.50 	 54.51
20.05 	 62.10 	 55.20
20.07 	 65.60 	 54.62
20.10 	 62.40 	 54.97
20.12 	 65.80 	 55.79
20.15 	 62.70 	 55.44
20.18 	 66.20 	 56.02
20.20 	 63.00 	 55.32
20.23 	 66.90 	 55.20
20.25 	 63.60 	 53.92
20.27 	 67.20 	 54.39
20.30 	 64.20 	 55.44
20.32 	 67.70 	 53.81
20.35 	 64.40 	 55.09
20.38 	 67.90 	 53.81
20.40 	 64.80 	 54.97
20.43 	 68.10 	 54.97
20.45 	 65.00 	 55.55
20.48 	 68.50 	 55.44
20.50 	 65.60 	 54.27
20.52 	 68.80 	 54.74
20.55 	 65.90 	 54.04
20.57 	 69.10 	 54.74
20.60 	 66.30 	 55.79
20.62 	 68.20 	 54.51
20.65 	 66.40 	 54.97
20.68 	 69.50 	 54.39
20.70 	 66.50 	 55.79
20.73 	 69.70 	 55.79
20.75 	 66.50 	 55.44
20.77 	 69.90 	 55.55
20.80 	 67.00 	 54.86
20.82 	 70.10 	 55.20
20.85 	 67.20 	 54.51
20.88 	 70.20 	 55.32
20.90 	 67.60 	 56.37
20.93 	 69.40 	 55.09
20.95 	 68.10 	 55.20
20.98 	 69.40 	 55.09
21.00 	 67.50 	 55.55
21.02 	 71.10 	 55.09
21.05 	 67.50 	 55.09
21.07 	 70.20 	 54.86
21.10 	 67.30 	 53.81
21.12 	 70.50 	 55.09
21.15 	 66.80 	 54.62
21.18 	 70.20 	 56.49
21.20 	 66.60 	 55.90
21.23 	 70.40 	 54.16
21.25 	 67.00 	 55.20
21.27 	 70.40 	 54.27
21.30 	 67.10 	 55.79
21.32 	 70.40 	 55.79
21.35 	 67.40 	 55.32
21.38 	 70.70 	 55.09
21.40 	 67.60 	 54.51
21.43 	 70.70 	 55.20
21.45 	 67.90 	 54.74
21.48 	 70.90 	 56.72
21.50 	 68.30 	 56.25
21.52 	 71.50 	 54.39
21.55 	 68.50 	 55.20
21.57 	 71.90 	 54.74
21.60 	 68.60 	 56.14
21.62 	 72.00 	 55.90
21.65 	 69.30 	 55.79
21.68 	 72.40 	 55.55
21.70 	 69.30 	 54.51
21.73 	 72.90 	 54.97
21.75 	 69.90 	 54.62
21.77 	 73.20 	 55.90
21.80 	 69.90 	 55.20
21.82 	 73.40 	 53.57
21.85 	 70.40 	 55.09
21.88 	 73.50 	 54.62
21.90 	 70.50 	 55.90
21.93 	 73.70 	 55.20
21.95 	 71.10 	 55.32
21.98 	 73.90 	 54.74
22.00 	 71.40 	 54.62
22.02 	 74.30 	 55.20
22.05 	 71.80 	 54.74
22.07 	 74.40 	 56.14
22.10 	 71.90 	 55.90
22.12 	 74.90 	 54.39
22.15 	 72.20 	 55.55
22.18 	 75.10 	 55.09
22.20 	 72.40 	 56.14
22.23 	 75.50 	 55.44
22.25 	 72.30 	 55.20
22.27 	 75.70 	 54.97
22.30 	 72.40 	 55.09
22.32 	 75.90 	 56.02
22.35 	 72.80 	 56.02
22.38 	 76.10 	 56.95
22.40 	 73.20 	 54.97
22.43 	 76.80 	 54.16
22.45 	 73.70 	 55.55
22.48 	 77.20 	 54.86
22.50 	 74.10 	 55.79
22.52 	 77.30 	 54.51
22.55 	 74.20 	 54.62
22.57 	 77.30 	 54.39
22.60 	 74.20 	 54.39
22.62 	 77.30 	 55.32
22.65 	 73.90 	 54.97
22.68 	 77.40 	 56.25
22.70 	 74.40 	 54.51
22.73 	 77.70 	 53.81
22.75 	 74.40 	 55.67
22.77 	 77.90 	 54.74
22.80 	 74.60 	 56.02
22.82 	 77.90 	 54.51
22.85 	 74.50 	 55.09
22.88 	 77.90 	 54.51
22.90 	 74.70 	 55.09
22.93 	 77.70 	 56.25
22.95 	 74.60 	 55.20
22.98 	 78.10 	 56.14
23.00 	 75.00 	 54.27
23.02 	 78.20 	 54.04
23.05 	 74.90 	 56.14
23.07 	 78.30 	 55.44
23.10 	 75.20 	 56.37
23.12 	 78.40 	 55.20
23.15 	 75.70 	 55.32
23.18 	 78.90 	 54.62
23.20 	 76.00 	 54.51
23.23 	 79.10 	 54.97
23.25 	 76.40 	 54.51
23.27 	 79.20 	 55.20
23.30 	 76.50 	 54.39
23.32 	 79.30 	 54.04
23.35 	 76.60 	 56.49
23.38 	 79.10 	 55.55
23.40 	 76.60 	 55.90
23.43 	 79.30 	 54.51
23.45 	 77.00 	 55.09
23.48 	 79.70 	 54.62
23.50 	 77.00 	 54.97
23.52 	 80.20 	 55.79
23.55 	 77.30 	 55.32
23.57 	 80.50 	 55.79
23.60 	 77.30 	 54.39
23.62 	 80.50 	 55.44
23.65 	 77.50 	 56.60
23.68 	 80.70 	 54.97
23.70 	 77.50 	 56.02
23.73 	 80.90 	 54.97
23.75 	 77.60 	 55.32
23.77 	 80.90 	 55.55
23.80 	 77.70 	 56.25
23.82 	 81.30 	 55.90
23.85 	 78.40 	 54.97
23.88 	 81.70 	 55.09
23.90 	 78.10 	 53.69
23.93 	 81.60 	 54.74
23.95 	 78.40 	 55.90
23.98 	 81.50 	 54.62
24.00 	 78.20 	 55.20
24.02 	 81.40 	 54.86
24.05 	 78.10 	 55.32
24.07 	 81.50 	 55.09
24.10 	 79.20 	 55.44
24.12 	 81.50 	 55.55
24.15 	 80.30 	 54.51
24.18 	 81.50 	 54.74
24.20 	 81.70 	 54.04
24.23 	 81.30 	 54.27
24.25 	 82.20 	 55.20
24.27 	 81.20 	 56.02
24.30 	 83.00 	 55.20
24.32 	 81.30 	 55.55
24.35 	 83.70 	 55.09
24.38 	 81.40 	 55.90
24.40 	 84.60 	 56.25
24.43 	 81.60 	 55.90
24.45 	 84.60 	 56.25
24.48 	 81.50 	 55.44
24.50 	 85.00 	 55.90
24.52 	 82.30 	 55.44
24.55 	 85.40 	 54.74
24.57 	 82.90 	 55.55
24.60 	 86.00 	 53.81
24.62 	 82.90 	 54.51
24.65 	 85.50 	 54.04
24.68 	 82.80 	 55.09
24.70 	 85.60 	 55.20
24.73 	 82.70 	 55.32
24.75 	 85.10 	 55.20
24.77 	 82.60 	 54.86
24.80 	 85.60 	 55.55
24.82 	 82.60 	 54.51
24.85 	 85.30 	 54.74
24.88 	 82.70 	 56.02
24.90 	 85.50 	 54.39
24.93 	 82.70 	 54.97
24.95 	 85.30 	 54.51
24.98 	 83.50 	 55.55
25.00 	 85.30 	 55.79
25.02 	 83.80 	 55.20
25.05 	 85.40 	 54.97
25.07 	 84.50 	 54.86
25.10 	 85.70 	 55.32
25.12 	 85.10 	 55.55
25.15 	 86.20 	 56.72
25.18 	 84.20 	 56.37
25.20 	 87.30 	 55.09
25.23 	 84.70 	 56.25
25.25 	 87.20 	 55.79
25.27 	 85.00 	 57.30
25.30 	 88.10 	 56.14
25.32 	 85.70 	 55.79
25.35 	 88.90 	 54.74
25.38 	 85.90 	 54.04
25.40 	 89.00 	 55.09
25.43 	 85.70 	 54.27
25.45 	 89.00 	 55.90
25.48 	 85.80 	 55.79
25.50 	 89.00 	 54.16
25.52 	 85.50 	 55.79
25.55 	 88.70 	 55.32
25.57 	 85.70 	 56.14
25.60 	 88.90 	 55.67
25.62 	 85.80 	 55.55
25.65 	 88.90 	 55.32
25.68 	 86.00 	 54.51
25.70 	 88.60 	 55.44
25.73 	 85.90 	 55.09
25.75 	 88.60 	 56.49
25.77 	 86.70 	 55.55
25.80 	 87.90 	 54.51
25.82 	 88.30 	 55.09
25.85 	 88.40 	 55.44
25.88 	 88.40 	 56.14
25.90 	 88.80 	 55.67
25.93 	 88.80 	 55.79
25.95 	 89.50 	 55.55
25.98 	 88.80 	 55.67
26.00 	 90.40 	 56.95
26.02 	 88.60 	 56.37
26.05 	 91.30 	 57.42
26.07 	 89.00 	 56.84
26.10 	 91.40 	 55.79
26.12 	 89.10 	 57.07
26.15 	 92.10 	 56.25
26.18 	 90.00 	 56.25
26.20 	 93.00 	 54.97
26.23 	 90.00 	 54.62
26.25 	 93.20 	 54.62
26.27 	 89.50 	 54.62
26.30 	 93.00 	 55.44
26.32 	 89.60 	 55.32
26.35 	 92.70 	 56.14
26.38 	 89.30 	 54.74
26.40 	 92.30 	 54.51
26.43 	 89.50 	 56.37
26.45 	 92.50 	 55.44
26.48 	 89.70 	 56.25
26.50 	 92.40 	 55.32
26.52 	 89.60 	 55.32
26.55 	 92.30 	 54.74
26.57 	 89.50 	 54.97
26.60 	 92.00 	 56.14
26.62 	 91.20 	 55.67
26.65 	 91.60 	 56.02
26.68 	 91.70 	 55.55
26.70 	 91.90 	 55.55
26.73 	 92.10 	 55.90
26.75 	 92.10 	 56.60
26.77 	 92.70 	 56.60
26.80 	 92.60 	 56.25
26.82 	 93.20 	 56.02
26.85 	 92.50 	 56.14
26.88 	 94.10 	 56.60
26.90 	 92.20 	 57.19
26.93 	 95.00 	 57.65
26.95 	 93.60 	 56.37
26.98 	 95.20 	 56.37
27.00 	 93.70 	 55.32
27.02 	 95.40 	 55.09
27.05 	 93.50 	 55.90
27.07 	 95.90 	 54.74
27.10 	 92.90 	 55.32
27.12 	 95.30 	 54.51
27.15 	 92.40 	 55.20
27.18 	 94.80 	 56.02
27.20 	 92.70 	 56.37
27.23 	 94.40 	 56.72
27.25 	 94.60 	 55.55
27.27 	 94.70 	 55.09
27.30 	 94.70 	 55.32
27.32 	 95.20 	 55.90
27.35 	 94.50 	 56.49
27.38 	 95.60 	 56.02
27.40 	 94.90 	 55.90
27.43 	 96.10 	 55.79
27.45 	 94.50 	 55.90
27.48 	 97.10 	 56.84
27.50 	 94.30 	 56.84
27.52 	 97.10 	 57.42
27.55 	 94.50 	 56.14
27.57 	 96.70 	 57.07
27.60 	 94.40 	 57.88
27.62 	 96.90 	 56.72
27.65 	 94.10 	 58.12
27.68 	 96.70 	 56.60
27.70 	 95.30 	 56.60
27.73 	 96.90 	 56.37
27.75 	 96.00 	 56.60
27.77 	 97.90 	 55.44
27.80 	 96.00 	 55.55
27.82 	 98.20 	 55.32
27.85 	 95.90 	 54.27
27.88 	 98.40 	 54.97
27.90 	 95.10 	 54.04
27.93 	 98.20 	 55.20
27.95 	 95.00 	 56.95
27.98 	 97.40 	 55.79
28.00 	 97.10 	 55.32
28.02 	 97.20 	 55.79
28.05 	 97.30 	 56.25
28.07 	 97.80 	 56.37
28.10 	 98.00 	 56.25
28.12 	 98.10 	 55.67
28.15 	 98.70 	 55.44
28.18 	 98.20 	 55.55
28.20 	 99.30 	 56.25
28.23 	 97.60 	 57.77
28.25 	 99.80 	 56.14
28.27 	 97.60 	 56.95
28.30 	 100.10 	 55.67
28.32 	 97.40 	 56.95
28.35 	 100.30 	 57.19
28.38 	 97.50 	 57.53
28.40 	 99.70 	 57.30
28.43 	 98.70 	 56.37
28.45 	 99.60 	 56.60
28.48 	 99.30 	 56.37
28.50 	 99.50 	 57.19
28.52 	 99.80 	 57.30
28.55 	 100.20 	 57.42
28.57 	 101.30 	 56.49
28.60 	 100.40 	 55.32
28.62 	 102.70 	 54.86
28.65 	 100.70 	 55.79
28.68 	 103.00 	 55.55
28.70 	 100.50 	 55.44
28.73 	 103.00 	 55.55
28.75 	 99.80 	 54.74
28.77 	 102.50 	 56.14
28.80 	 99.40 	 55.79
28.82 	 102.40 	 56.25
28.85 	 99.40 	 57.07
28.88 	 102.30 	 55.79
28.90 	 99.50 	 56.49
28.93 	 101.80 	 56.14
28.95 	 101.90 	 55.67
28.98 	 101.50 	 56.14
29.00 	 101.40 	 56.14
29.02 	 101.50 	 56.25
29.05 	 101.70 	 55.90
29.07 	 102.00 	 56.49
29.10 	 102.10 	 56.84
29.12 	 102.40 	 57.53
29.15 	 102.40 	 56.84
29.18 	 102.70 	 56.95
29.20 	 103.10 	 57.19
29.23 	 103.20 	 57.30
29.25 	 103.40 	 57.77
29.27 	 103.30 	 57.53
29.30 	 104.20 	 57.19
29.32 	 102.10 	 57.19
29.35 	 105.10 	 57.19
29.38 	 103.40 	 56.95
29.40 	 106.80 	 57.88
29.43 	 104.50 	 55.20
29.45 	 103.60 	 55.79
29.48 	 106.50 	 53.81
29.50 	 103.00 	 55.79
29.52 	 105.40 	 55.55
29.55 	 102.20 	 56.95
29.57 	 104.20 	 56.49
29.60 	 103.90 	 56.02
29.62 	 103.70 	 56.02
29.65 	 103.60 	 55.90
29.68 	 104.00 	 56.72
29.70 	 103.90 	 56.84
29.73 	 104.50 	 56.84
29.75 	 104.90 	 56.49
29.77 	 105.00 	 56.14
29.80 	 105.30 	 56.37
29.82 	 105.40 	 57.19
29.85 	 105.50 	 57.65
29.88 	 105.60 	 56.84
29.90 	 106.10 	 56.60
29.93 	 106.40 	 56.37
29.95 	 105.90 	 56.95
29.98 	 107.00 	 57.30
30.00 	 105.10 	 57.77
30.02 	 107.40 	 58.12
30.05 	 105.20 	 57.88
30.07 	 107.60 	 56.49
30.10 	 105.80 	 57.88
30.12 	 108.90 	 56.02
30.15 	 106.50 	 56.02
30.18 	 109.10 	 54.74
30.20 	 105.40 	 54.74
30.23 	 108.50 	 54.74
30.25 	 105.00 	 55.09
30.27 	 107.70 	 56.37
30.30 	 106.80 	 55.90
30.32 	 106.40 	 56.25
30.35 	 106.50 	 56.25
30.38 	 106.80 	 56.37
30.40 	 106.90 	 56.72
30.43 	 107.20 	 57.07
30.45 	 107.50 	 57.07
30.48 	 107.60 	 56.72
30.50 	 107.60 	 56.49
30.52 	 108.20 	 56.49
30.55 	 108.40 	 56.60
30.57 	 108.50 	 57.42
30.60 	 108.70 	 57.77
30.62 	 108.90 	 56.84
30.65 	 109.00 	 56.84
30.68 	 109.10 	 56.72
30.70 	 109.50 	 57.07
30.73 	 109.40 	 57.53
30.75 	 109.90 	 56.84
30.77 	 109.40 	 57.07
30.80 	 110.80 	 56.72
30.82 	 109.60 	 56.84
30.85 	 112.70 	 56.25
30.88 	 110.30 	 55.20
30.90 	 112.00 	 55.67
30.93 	 109.70 	 54.74
30.95 	 112.10 	 55.55
30.98 	 108.80 	 56.49
31.00 	 111.30 	 56.25
31.02 	 107.70 	 57.30
31.05 	 110.20 	 56.25
31.07 	 110.00 	 55.67
31.10 	 109.70 	 55.44
31.12 	 109.60 	 56.25
31.15 	 110.00 	 56.95
31.18 	 110.00 	 57.19
31.20 	 109.90 	 56.95
31.23 	 110.30 	 56.72
31.25 	 110.30 	 56.49
31.27 	 110.40 	 56.95
31.30 	 110.40 	 57.42
31.32 	 111.00 	 57.42
31.35 	 111.20 	 56.84
31.38 	 110.70 	 56.49
31.40 	 111.40 	 56.37
31.43 	 111.80 	 56.60
31.45 	 111.30 	 57.19
31.48 	 111.90 	 57.53
31.50 	 112.40 	 56.95
31.52 	 112.90 	 56.37
31.55 	 113.70 	 56.14
31.57 	 113.00 	 56.25
31.60 	 115.10 	 54.97
31.62 	 113.20 	 55.90
31.65 	 115.30 	 54.27
31.68 	 112.50 	 55.32
31.70 	 114.80 	 55.32
31.73 	 111.40 	 56.25
31.75 	 114.10 	 56.37
31.77 	 112.20 	 56.25
31.80 	 113.00 	 56.25
31.82 	 112.90 	 55.67
31.85 	 112.60 	 55.67
31.88 	 112.90 	 55.90
31.90 	 112.90 	 56.84
31.93 	 112.90 	 56.60
31.95 	 113.30 	 56.14
31.98 	 113.50 	 56.25
32.00 	 113.50 	 56.14
32.02 	 113.80 	 56.95
32.05 	 114.00 	 57.19
32.08 	 114.10 	 56.95
32.10 	 114.10 	 56.72
32.12 	 114.40 	 56.49
32.15 	 114.60 	 56.14
32.17 	 114.80 	 56.95
32.20 	 115.00 	 57.19
32.23 	 115.30 	 56.60
32.25 	 115.60 	 56.37
32.27 	 116.00 	 56.49
32.30 	 116.90 	 55.90
32.33 	 116.10 	 56.25
32.35 	 118.10 	 55.67
32.38 	 115.50 	 54.97
32.40 	 117.60 	 55.55
32.42 	 114.70 	 54.74
32.45 	 116.60 	 56.14
32.48 	 115.90 	 55.44
32.50 	 115.70 	 56.37
32.52 	 115.80 	 56.49
32.55 	 116.00 	 56.25
32.58 	 115.90 	 55.90
32.60 	 116.30 	 56.14
32.62 	 116.40 	 56.84
32.65 	 116.30 	 57.19
32.67 	 116.60 	 56.60
32.70 	 116.80 	 56.14
32.73 	 116.60 	 56.25
32.75 	 116.90 	 56.49
32.77 	 117.20 	 56.60
32.80 	 117.40 	 56.84
32.83 	 117.40 	 56.72
32.85 	 117.80 	 55.90
32.88 	 117.90 	 56.25
32.90 	 117.90 	 56.60
32.92 	 117.90 	 57.42
32.95 	 118.50 	 57.65
32.98 	 118.70 	 56.72
33.00 	 119.30 	 56.49
33.02 	 119.90 	 55.79
33.05 	 118.70 	 55.09
33.08 	 120.20 	 55.90
33.10 	 118.20 	 55.44
33.12 	 119.90 	 54.97
33.15 	 119.10 	 55.55
33.17 	 119.10 	 55.44
33.20 	 118.80 	 55.90
33.23 	 118.80 	 56.72
33.25 	 118.90 	 56.72
33.27 	 118.90 	 56.37
33.30 	 119.20 	 55.90
33.33 	 119.30 	 56.14
33.35 	 119.50 	 56.49
33.38 	 119.50 	 56.84
33.40 	 119.70 	 57.19
33.42 	 119.80 	 56.37
33.45 	 119.80 	 56.14
33.48 	 119.90 	 56.14
33.50 	 120.20 	 57.42
33.52 	 120.20 	 57.07
33.55 	 120.40 	 56.60
33.58 	 120.50 	 56.60
33.60 	 120.50 	 56.25
33.62 	 120.40 	 56.49
33.65 	 120.70 	 56.72
33.67 	 120.90 	 57.65
33.70 	 121.20 	 57.07
33.73 	 121.60 	 56.49
33.75 	 122.60 	 55.79
33.77 	 122.70 	 55.32
33.80 	 123.10 	 55.32
33.83 	 122.00 	 55.67
33.85 	 122.90 	 55.20
33.88 	 122.50 	 54.97
33.90 	 122.40 	 55.79
33.92 	 122.00 	 55.67
33.95 	 122.20 	 56.37
33.98 	 122.30 	 56.72
34.00 	 122.50 	 56.49
34.02 	 122.40 	 55.44
34.05 	 122.70 	 56.25
34.08 	 122.70 	 56.25
34.10 	 122.70 	 56.84
34.12 	 122.80 	 56.84
34.15 	 122.90 	 56.49
34.17 	 122.80 	 56.25
34.20 	 123.00 	 56.25
34.23 	 123.10 	 56.14
34.25 	 123.10 	 57.42
34.27 	 123.10 	 56.95
34.30 	 123.50 	 56.72
34.33 	 123.40 	 55.90
34.35 	 123.50 	 56.25
34.38 	 123.60 	 56.84
34.40 	 123.80 	 56.84
34.42 	 123.80 	 56.72
34.45 	 123.90 	 56.49
34.48 	 124.00 	 55.79
34.50 	 124.60 	 56.14
34.52 	 125.30 	 56.72
34.55 	 125.70 	 56.49
34.58 	 125.70 	 55.20
34.60 	 125.90 	 55.09
34.62 	 125.50 	 54.74
34.65 	 125.50 	 55.67
34.67 	 125.20 	 56.49
34.70 	 125.30 	 56.25
34.73 	 124.70 	 55.90
34.75 	 125.20 	 55.67
34.77 	 125.20 	 55.44
34.80 	 125.10 	 55.79
34.83 	 125.30 	 56.37
34.85 	 125.50 	 56.84
34.88 	 125.30 	 56.37
34.90 	 125.30 	 55.90
34.92 	 125.40 	 56.02
34.95 	 125.60 	 56.14
34.98 	 125.70 	 56.60
35.00 	 125.60 	 56.37
35.02 	 125.90 	 56.14
35.05 	 125.90 	 56.14
35.08 	 125.70 	 56.14
35.10 	 126.20 	 55.90
35.12 	 126.10 	 56.37
35.15 	 126.30 	 56.60
35.17 	 126.20 	 56.60
35.20 	 126.40 	 56.14
35.23 	 126.50 	 55.67
35.25 	 126.40 	 56.72
35.27 	 126.20 	 56.84
35.30 	 127.00 	 56.72
35.33 	 127.70 	 56.14
35.35 	 127.80 	 55.32
35.38 	 128.10 	 54.74
35.40 	 127.70 	 55.20
35.42 	 127.20 	 56.02
35.45 	 127.30 	 56.25
35.48 	 127.40 	 55.67
35.50 	 127.00 	 56.02
35.52 	 127.00 	 55.44
35.55 	 127.50 	 56.02
35.58 	 127.50 	 56.72
35.60 	 127.60 	 56.49
35.62 	 127.80 	 55.90
35.65 	 127.60 	 55.79
35.67 	 127.70 	 56.02
35.70 	 127.60 	 56.72
35.73 	 127.70 	 56.84
35.75 	 127.70 	 56.60
35.77 	 127.60 	 56.25
35.80 	 127.80 	 55.67
35.83 	 128.00 	 56.02
35.85 	 127.50 	 56.25
35.88 	 127.70 	 56.60
35.90 	 127.80 	 56.14
35.92 	 127.40 	 56.14
35.95 	 127.90 	 56.02
35.98 	 128.10 	 55.90
36.00 	 128.00 	 56.60
36.02 	 127.80 	 56.95
36.05 	 128.10 	 56.60
36.08 	 128.50 	 56.25
36.10 	 129.00 	 55.67
36.12 	 129.50 	 55.79
36.15 	 129.20 	 56.02
36.17 	 129.50 	 56.02
36.20 	 128.90 	 55.44
36.23 	 128.80 	 55.55
36.25 	 128.70 	 55.44
36.27 	 128.90 	 56.02
36.30 	 128.90 	 56.72
36.33 	 128.70 	 56.60
36.35 	 129.20 	 56.25
36.38 	 128.80 	 56.02
36.40 	 128.90 	 55.67
36.42 	 129.10 	 55.79
36.45 	 129.00 	 56.14
36.48 	 129.00 	 56.72
36.50 	 128.80 	 56.49
36.52 	 128.90 	 56.02
36.55 	 128.60 	 56.02
36.58 	 128.70 	 56.14
36.60 	 128.60 	 56.72
36.62 	 128.70 	 56.95
36.65 	 128.80 	 56.49
36.67 	 129.00 	 55.90
36.70 	 129.00 	 55.67
36.73 	 129.20 	 56.25
36.75 	 128.80 	 56.95
36.77 	 129.40 	 56.72
36.80 	 129.40 	 56.25
36.83 	 129.40 	 55.90
36.85 	 129.20 	 55.90
36.88 	 129.70 	 56.72
36.90 	 130.10 	 56.60
36.92 	 130.50 	 56.14
36.95 	 130.60 	 55.44
36.98 	 130.50 	 55.09
37.00 	 129.90 	 54.97
37.02 	 129.80 	 56.14
37.05 	 130.00 	 56.37
37.08 	 129.50 	 56.14
37.10 	 129.60 	 55.79
37.12 	 129.80 	 56.02
37.15 	 129.90 	 56.02
37.17 	 129.70 	 56.37
37.20 	 129.30 	 56.72
37.23 	 129.70 	 56.49
37.25 	 129.90 	 56.02
37.27 	 129.80 	 55.44
37.30 	 129.90 	 56.37
37.33 	 130.20 	 56.60
37.35 	 129.90 	 56.95
37.38 	 129.80 	 56.60
37.40 	 130.00 	 56.25
37.42 	 129.90 	 56.25
37.45 	 129.80 	 56.14
37.48 	 130.20 	 56.84
37.50 	 130.00 	 56.95
37.52 	 130.00 	 56.14
37.55 	 130.20 	 55.90
37.58 	 129.90 	 55.90
37.60 	 130.20 	 56.14
37.62 	 130.00 	 56.60
37.65 	 130.50 	 56.84
37.67 	 130.70 	 56.37
37.70 	 130.80 	 56.02
37.73 	 131.40 	 55.67
37.75 	 131.40 	 56.02
37.77 	 131.20 	 56.49
37.80 	 130.60 	 56.25
37.83 	 130.50 	 55.79
37.85 	 130.40 	 56.02
37.88 	 130.60 	 55.55
37.90 	 130.30 	 56.25
37.92 	 130.70 	 56.72
37.95 	 130.50 	 56.72
37.98 	 130.20 	 56.14
38.00 	 130.70 	 55.79
38.02 	 131.00 	 56.02
38.05 	 130.40 	 56.72
38.08 	 130.70 	 56.95
38.10 	 130.50 	 56.37
38.12 	 130.50 	 56.25
38.15 	 130.50 	 55.67
38.17 	 130.70 	 55.90
38.20 	 130.80 	 56.37
38.23 	 130.70 	 56.95
38.25 	 130.50 	 56.60
38.27 	 130.80 	 56.14
38.30 	 130.80 	 55.90
38.33 	 130.20 	 55.90
38.35 	 130.50 	 56.60
38.38 	 130.80 	 56.95
38.40 	 130.50 	 56.49
38.42 	 130.90 	 56.25
38.45 	 130.70 	 56.02
38.48 	 130.80 	 55.90
38.50 	 131.10 	 56.72
38.52 	 131.20 	 56.95
38.55 	 131.80 	 56.72
38.58 	 131.40 	 55.90
38.60 	 131.40 	 55.55
38.62 	 130.50 	 55.90
38.65 	 131.00 	 56.72
38.67 	 130.80 	 56.14
38.70 	 131.20 	 56.14
38.73 	 131.10 	 55.67
38.75 	 130.90 	 55.67
38.77 	 131.20 	 56.25
38.80 	 130.80 	 56.84
38.83 	 130.90 	 56.60
38.85 	 130.60 	 56.49
38.88 	 130.80 	 56.14
38.90 	 131.00 	 56.25
38.92 	 131.10 	 56.72
38.95 	 131.00 	 56.84
38.98 	 130.90 	 56.72
39.00 	 131.10 	 56.14
39.02 	 130.80 	 56.02
39.05 	 130.70 	 56.25
39.08 	 130.80 	 56.37
39.10 	 130.80 	 57.07
39.12 	 131.00 	 56.95
39.15 	 130.70 	 56.37
39.17 	 130.80 	 56.25
39.20 	 131.00 	 56.25
39.23 	 130.90 	 56.72
39.25 	 131.20 	 56.95
39.27 	 131.70 	 56.37
39.30 	 132.00 	 56.14
39.33 	 131.90 	 55.67
39.35 	 131.50 	 55.79
39.38 	 131.30 	 56.49
39.40 	 131.20 	 56.95
39.42 	 131.10 	 56.60
39.45 	 131.00 	 56.14
39.48 	 131.40 	 55.67
39.50 	 131.30 	 56.49
39.52 	 131.10 	 56.95
39.55 	 131.00 	 56.60
39.58 	 131.30 	 56.49
39.60 	 131.00 	 56.25
39.62 	 131.00 	 56.02
39.65 	 131.20 	 56.25
39.67 	 131.10 	 56.95
39.70 	 131.10 	 57.07
39.73 	 130.70 	 56.72
39.75 	 130.90 	 55.90
39.77 	 131.10 	 55.90
39.80 	 131.50 	 56.60
39.83 	 131.10 	 56.95
39.85 	 131.10 	 56.84
39.88 	 131.10 	 56.49
39.90 	 131.40 	 56.02
39.92 	 131.20 	 55.90
39.95 	 131.10 	 56.37
39.98 	 131.30 	 56.60
40.00 	 131.10 	 57.19
40.02 	 131.40 	 56.37
40.05 	 132.20 	 56.25
40.08 	 132.00 	 56.02
40.10 	 131.80 	 56.14
40.12 	 131.40 	 56.37
40.15 	 131.70 	 56.25
40.17 	 131.60 	 56.25
40.20 	 131.40 	 55.79
40.23 	 131.60 	 55.67
40.25 	 131.60 	 55.90
40.27 	 131.10 	 56.60
40.30 	 131.30 	 56.72
40.33 	 131.70 	 56.25
40.35 	 131.70 	 56.25
40.38 	 131.40 	 56.02
40.40 	 131.60 	 56.72
40.42 	 131.30 	 56.60
40.45 	 131.20 	 56.49
40.48 	 131.40 	 56.49
40.50 	 131.50 	 56.02
40.52 	 131.60 	 56.25
40.55 	 131.30 	 56.72
40.58 	 131.20 	 56.60
40.60 	 131.20 	 56.60
40.62 	 131.10 	 56.49
40.65 	 131.00 	 56.02
40.67 	 131.60 	 55.90
40.70 	 131.30 	 56.95
40.73 	 131.20 	 56.95
40.75 	 131.10 	 56.49
40.77 	 131.40 	 56.14
40.80 	 131.40 	 55.90
40.83 	 131.60 	 56.14
40.85 	 132.30 	 56.84
40.88 	 132.40 	 56.95
40.90 	 132.00 	 56.25
40.92 	 131.80 	 55.79
40.95 	 131.50 	 55.55
40.98 	 131.40 	 56.02
41.00 	 131.40 	 56.60
41.02 	 131.80 	 56.14
41.05 	 131.50 	 55.90
41.08 	 131.20 	 56.02
41.10 	 131.70 	 55.90
41.12 	 131.50 	 56.49
41.15 	 131.60 	 56.95
41.17 	 131.20 	 56.72
41.20 	 131.20 	 56.49
41.23 	 131.60 	 55.90
41.25 	 131.30 	 55.79
41.27 	 131.40 	 55.90
41.30 	 130.90 	 56.84
41.33 	 131.30 	 56.49
41.35 	 131.00 	 56.14
41.38 	 131.50 	 56.25
41.40 	 131.30 	 55.90
41.42 	 131.50 	 56.72
41.45 	 131.20 	 57.42
41.48 	 131.50 	 56.37
41.50 	 131.40 	 56.25
41.52 	 131.20 	 56.02
41.55 	 131.60 	 56.02
41.58 	 131.50 	 56.49
41.60 	 131.40 	 56.95
41.62 	 132.00 	 56.49
41.65 	 132.10 	 56.14
41.67 	 131.50 	 55.67
41.70 	 131.70 	 55.90
41.73 	 131.60 	 56.60
41.75 	 131.60 	 56.72
41.77 	 131.30 	 56.49
41.80 	 131.40 	 55.90
41.83 	 131.50 	 55.67
41.85 	 131.40 	 56.02
41.88 	 131.30 	 56.49
41.90 	 131.30 	 56.72
41.92 	 131.40 	 56.49
41.95 	 131.40 	 56.02
41.98 	 131.40 	 55.90
42.00 	 131.60 	 56.25
42.02 	 131.40 	 56.37
42.05 	 131.10 	 56.84
42.08 	 131.30 	 56.25
42.10 	 131.30 	 56.14
42.12 	 131.20 	 55.90
42.15 	 131.40 	 55.79
42.17 	 131.20 	 56.95
42.20 	 131.20 	 56.37
42.23 	 131.00 	 56.37
42.25 	 131.40 	 56.02
42.27 	 131.50 	 55.90
42.30 	 131.70 	 56.37
42.33 	 132.00 	 56.84
42.35 	 132.20 	 56.37
42.38 	 131.90 	 56.14
42.40 	 131.50 	 55.90
42.42 	 131.40 	 55.79
42.45 	 131.20 	 56.02
42.48 	 131.50 	 56.72
42.50 	 131.30 	 56.25
42.52 	 131.50 	 56.25
42.55 	 131.50 	 55.67
42.58 	 131.20 	 55.67
42.60 	 131.50 	 56.84
42.62 	 131.30 	 56.95
42.65 	 131.20 	 56.37
42.67 	 131.40 	 56.14
42.70 	 131.30 	 55.79
42.73 	 131.50 	 56.02
