time [ms]	Pressure [Hgmm]	illuminance [lux]
0.00 	 0.10 	 50.20
0.03 	 -0.00 	 49.97
0.05 	 -0.10 	 49.38
0.07 	 0.10 	 49.62
0.10 	 -0.00 	 49.62
0.12 	 0.30 	 48.57
0.15 	 0.30 	 47.99
0.17 	 0.10 	 47.52
0.20 	 0.20 	 48.22
0.23 	 0.10 	 48.69
0.25 	 0.40 	 49.27
0.28 	 0.30 	 48.92
0.30 	 -0.10 	 48.92
0.33 	 0.10 	 48.45
0.35 	 -0.00 	 48.22
0.38 	 0.30 	 49.27
0.40 	 0.30 	 49.15
0.42 	 0.30 	 49.15
0.45 	 0.20 	 48.57
0.47 	 0.30 	 48.22
0.50 	 -0.10 	 49.03
0.53 	 -0.00 	 49.50
0.55 	 0.30 	 49.15
0.57 	 0.00 	 49.27
0.60 	 0.00 	 48.69
0.62 	 0.20 	 48.45
0.65 	 -0.00 	 48.69
0.68 	 0.00 	 49.15
0.70 	 -0.10 	 49.97
0.72 	 0.00 	 49.50
0.75 	 0.00 	 49.03
0.78 	 0.20 	 48.80
0.80 	 0.00 	 48.69
0.82 	 0.40 	 48.92
0.85 	 0.30 	 48.57
0.88 	 0.30 	 47.75
0.90 	 0.30 	 47.41
0.93 	 0.20 	 47.06
0.95 	 -0.00 	 47.29
0.97 	 -0.20 	 48.10
1.00 	 0.20 	 48.57
1.02 	 0.10 	 48.22
1.05 	 0.20 	 47.75
1.07 	 0.10 	 48.10
1.10 	 0.10 	 48.34
1.12 	 0.20 	 48.80
1.15 	 0.20 	 48.57
1.18 	 0.10 	 47.99
1.20 	 -0.10 	 47.87
1.23 	 -0.10 	 47.52
1.25 	 0.30 	 48.34
1.27 	 0.20 	 48.80
1.30 	 0.30 	 48.45
1.32 	 0.20 	 48.57
1.35 	 0.10 	 47.75
1.38 	 0.20 	 47.75
1.40 	 0.20 	 48.45
1.43 	 0.20 	 49.03
1.45 	 0.40 	 49.03
1.48 	 0.20 	 48.57
1.50 	 0.30 	 48.10
1.52 	 0.30 	 47.64
1.55 	 0.30 	 47.52
1.57 	 0.40 	 47.87
1.60 	 0.40 	 47.52
1.62 	 0.30 	 47.17
1.65 	 -0.10 	 46.59
1.68 	 0.20 	 46.82
1.70 	 0.30 	 47.64
1.73 	 0.20 	 48.34
1.75 	 0.10 	 47.75
1.77 	 0.20 	 47.64
1.80 	 -0.10 	 47.17
1.82 	 0.10 	 47.06
1.85 	 0.20 	 47.52
1.88 	 0.20 	 47.75
1.90 	 0.10 	 47.52
1.93 	 0.10 	 47.52
1.95 	 0.20 	 46.94
1.98 	 0.30 	 47.64
2.00 	 0.30 	 47.75
2.02 	 0.20 	 47.99
2.05 	 0.30 	 47.52
2.08 	 0.20 	 47.41
2.10 	 0.20 	 47.41
2.12 	 0.20 	 47.41
2.15 	 0.20 	 47.52
2.17 	 0.20 	 47.52
2.20 	 0.20 	 47.41
2.23 	 0.20 	 46.82
2.25 	 0.20 	 45.78
2.27 	 0.20 	 46.24
2.30 	 0.30 	 46.59
2.33 	 0.20 	 46.82
2.35 	 0.20 	 46.71
2.38 	 0.10 	 46.36
2.40 	 -0.30 	 46.13
2.42 	 0.10 	 46.71
2.45 	 0.10 	 47.06
2.48 	 0.10 	 47.06
2.50 	 -0.30 	 46.94
2.52 	 -0.20 	 46.36
2.55 	 -0.10 	 46.47
2.58 	 0.30 	 47.17
2.60 	 0.10 	 47.41
2.62 	 0.40 	 47.29
2.65 	 0.30 	 47.06
2.67 	 0.20 	 46.94
2.70 	 0.30 	 46.59
2.73 	 0.60 	 47.06
2.75 	 0.30 	 47.52
2.77 	 0.40 	 47.75
2.80 	 0.20 	 47.41
2.83 	 0.20 	 46.82
2.85 	 0.00 	 46.24
2.88 	 0.30 	 46.71
2.90 	 0.20 	 46.94
2.92 	 0.30 	 46.94
2.95 	 0.20 	 46.71
2.98 	 0.40 	 46.71
3.00 	 0.40 	 46.71
3.02 	 0.30 	 47.17
3.05 	 0.20 	 47.87
3.08 	 0.30 	 47.87
3.10 	 -0.10 	 47.41
3.12 	 0.30 	 46.82
3.15 	 0.10 	 46.59
3.17 	 0.10 	 47.29
3.20 	 0.30 	 47.75
3.23 	 0.20 	 47.64
3.25 	 0.20 	 47.06
3.27 	 -0.30 	 47.17
3.30 	 0.20 	 47.17
3.33 	 -0.10 	 47.87
3.35 	 0.20 	 48.10
3.38 	 0.20 	 47.75
3.40 	 0.20 	 47.64
3.42 	 0.30 	 46.82
3.45 	 -0.20 	 46.59
3.48 	 0.20 	 47.41
3.50 	 0.20 	 47.29
3.52 	 -0.20 	 47.41
3.55 	 0.20 	 47.17
3.58 	 -0.10 	 46.82
3.60 	 0.30 	 47.17
3.62 	 0.30 	 47.87
3.65 	 0.30 	 48.22
3.67 	 0.40 	 48.10
3.70 	 0.40 	 47.87
3.73 	 0.20 	 47.64
3.75 	 0.10 	 47.41
3.77 	 0.10 	 48.22
3.80 	 0.10 	 48.34
3.83 	 0.10 	 48.34
3.85 	 0.10 	 47.52
3.88 	 0.10 	 47.52
3.90 	 0.10 	 47.75
3.92 	 0.20 	 48.22
3.95 	 0.30 	 48.45
3.98 	 0.30 	 48.22
4.00 	 0.10 	 48.10
4.03 	 0.40 	 47.06
4.05 	 0.20 	 47.17
4.08 	 0.20 	 47.99
4.10 	 0.30 	 48.34
4.12 	 0.40 	 48.34
4.15 	 -0.00 	 47.99
4.17 	 0.40 	 48.10
4.20 	 0.30 	 48.22
4.22 	 0.30 	 48.92
4.25 	 0.20 	 49.27
4.28 	 0.20 	 49.03
4.30 	 0.20 	 48.57
4.33 	 0.30 	 48.34
4.35 	 0.20 	 48.34
4.38 	 0.30 	 49.50
4.40 	 0.20 	 48.92
4.42 	 0.10 	 48.69
4.45 	 0.00 	 48.80
4.47 	 0.00 	 48.22
4.50 	 -0.20 	 48.69
4.53 	 -0.10 	 48.92
4.55 	 0.20 	 48.80
4.58 	 -0.20 	 47.99
4.60 	 -0.20 	 47.29
4.62 	 -0.30 	 47.29
4.65 	 0.00 	 47.52
4.67 	 0.10 	 48.69
4.70 	 0.10 	 48.80
4.72 	 0.20 	 48.57
4.75 	 0.20 	 47.99
4.78 	 0.20 	 47.99
4.80 	 0.20 	 48.80
4.83 	 0.20 	 49.27
4.85 	 -0.10 	 48.69
4.88 	 0.20 	 48.22
4.90 	 0.30 	 48.34
4.92 	 0.30 	 47.75
4.95 	 0.20 	 48.22
4.97 	 0.20 	 49.27
5.00 	 0.20 	 48.69
5.03 	 0.30 	 47.99
5.05 	 0.30 	 47.29
5.08 	 0.30 	 47.06
5.10 	 -0.20 	 47.64
5.12 	 4.10 	 46.82
5.15 	 0.20 	 46.59
5.17 	 4.40 	 46.82
5.20 	 0.30 	 46.24
5.22 	 4.30 	 46.82
5.25 	 0.70 	 46.36
5.28 	 4.20 	 47.17
5.30 	 0.30 	 48.34
5.33 	 4.00 	 46.59
5.35 	 0.30 	 47.64
5.38 	 4.30 	 46.94
5.40 	 0.20 	 48.10
5.42 	 4.10 	 47.52
5.45 	 0.50 	 47.52
5.47 	 4.30 	 47.87
5.50 	 0.80 	 47.06
5.53 	 4.20 	 48.10
5.55 	 0.60 	 47.41
5.58 	 4.50 	 46.59
5.60 	 0.90 	 47.52
5.62 	 4.10 	 45.78
5.65 	 0.80 	 46.36
5.67 	 4.20 	 46.24
5.70 	 0.90 	 47.41
5.72 	 4.10 	 47.41
5.75 	 0.90 	 47.41
5.78 	 4.00 	 47.17
5.80 	 2.10 	 46.47
5.83 	 3.40 	 46.59
5.85 	 3.30 	 47.17
5.88 	 2.90 	 47.52
5.90 	 2.90 	 47.06
5.92 	 2.90 	 47.17
5.95 	 3.00 	 46.94
5.97 	 2.90 	 47.64
6.00 	 3.00 	 48.10
6.03 	 3.20 	 47.75
6.05 	 3.40 	 47.87
6.08 	 3.60 	 47.29
6.10 	 3.60 	 47.41
6.12 	 3.90 	 47.41
6.15 	 4.10 	 47.75
6.17 	 4.30 	 47.87
6.20 	 4.40 	 46.36
6.22 	 4.20 	 46.24
6.25 	 4.40 	 46.36
6.28 	 4.50 	 47.06
6.30 	 4.80 	 47.75
6.33 	 5.30 	 47.87
6.35 	 5.50 	 47.64
6.38 	 5.90 	 47.41
6.40 	 6.00 	 47.17
6.42 	 6.60 	 47.87
6.45 	 6.70 	 48.10
6.47 	 7.10 	 48.34
6.50 	 7.50 	 47.87
6.53 	 7.90 	 47.64
6.55 	 8.50 	 47.75
6.58 	 7.80 	 48.69
6.60 	 9.50 	 49.03
6.62 	 7.90 	 49.27
6.65 	 11.10 	 48.57
6.67 	 9.00 	 47.99
6.70 	 12.30 	 48.10
6.72 	 9.70 	 47.64
6.75 	 10.30 	 48.69
6.78 	 10.10 	 48.69
6.80 	 10.50 	 47.99
6.83 	 11.00 	 48.34
6.85 	 10.60 	 48.80
6.88 	 10.50 	 49.73
6.90 	 12.00 	 49.50
6.92 	 10.30 	 49.38
6.95 	 14.20 	 48.45
6.97 	 10.20 	 47.75
7.00 	 14.60 	 48.22
7.03 	 10.50 	 48.22
7.05 	 14.40 	 49.50
7.08 	 10.30 	 48.57
7.10 	 14.90 	 47.64
7.12 	 11.20 	 49.03
7.15 	 15.00 	 48.22
7.17 	 11.70 	 49.62
7.20 	 15.50 	 48.92
7.22 	 12.60 	 48.69
7.25 	 12.80 	 48.45
7.28 	 13.00 	 48.10
7.30 	 13.10 	 48.10
7.33 	 13.00 	 48.22
7.35 	 15.00 	 48.57
7.38 	 13.10 	 47.87
7.40 	 16.00 	 47.17
7.42 	 12.60 	 48.34
7.45 	 16.80 	 47.29
7.47 	 12.80 	 49.50
7.50 	 17.00 	 48.34
7.53 	 12.80 	 48.57
7.55 	 17.00 	 47.75
7.58 	 13.30 	 47.52
7.60 	 17.50 	 48.34
7.62 	 14.10 	 48.22
7.65 	 18.40 	 49.15
7.67 	 14.70 	 47.99
7.70 	 18.70 	 47.75
7.72 	 15.40 	 49.03
7.75 	 17.50 	 49.50
7.78 	 15.70 	 50.20
7.80 	 16.30 	 50.20
7.83 	 16.60 	 49.62
7.85 	 16.50 	 49.03
7.88 	 16.50 	 48.57
7.90 	 16.40 	 48.57
7.92 	 16.40 	 48.80
7.95 	 18.50 	 48.45
7.97 	 16.20 	 47.64
8.00 	 20.40 	 46.47
8.03 	 16.20 	 48.22
8.05 	 20.30 	 47.75
8.07 	 16.30 	 49.15
8.10 	 20.00 	 48.57
8.12 	 17.30 	 48.34
8.15 	 20.30 	 48.10
8.18 	 17.60 	 47.75
8.20 	 21.20 	 48.69
8.22 	 18.10 	 48.80
8.25 	 20.00 	 49.50
8.28 	 18.70 	 48.69
8.30 	 18.80 	 48.92
8.32 	 18.60 	 49.38
8.35 	 21.00 	 49.50
8.38 	 18.40 	 50.20
8.40 	 22.50 	 48.92
8.43 	 18.30 	 49.15
8.45 	 22.10 	 48.80
8.47 	 18.30 	 49.03
8.50 	 22.90 	 49.73
8.53 	 19.00 	 49.73
8.55 	 23.00 	 50.43
8.57 	 20.00 	 49.03
8.60 	 22.10 	 48.57
8.62 	 21.00 	 49.27
8.65 	 21.50 	 49.38
8.68 	 21.10 	 48.92
8.70 	 21.10 	 48.45
8.72 	 20.80 	 48.34
8.75 	 23.90 	 47.64
8.78 	 20.60 	 47.99
8.80 	 24.10 	 48.92
8.82 	 21.20 	 49.03
8.85 	 25.50 	 49.73
8.88 	 21.60 	 48.10
8.90 	 24.60 	 49.27
8.93 	 21.80 	 49.50
8.95 	 26.20 	 48.45
8.97 	 22.30 	 49.62
9.00 	 24.80 	 49.27
9.03 	 23.30 	 48.92
9.05 	 23.10 	 49.15
9.07 	 23.10 	 49.38
9.10 	 24.30 	 49.85
9.12 	 22.30 	 49.97
9.15 	 26.60 	 49.97
9.18 	 22.50 	 48.57
9.20 	 26.80 	 49.97
9.22 	 23.50 	 50.66
9.25 	 27.10 	 49.38
9.28 	 22.60 	 50.66
9.30 	 27.00 	 49.50
9.32 	 24.20 	 49.73
9.35 	 27.20 	 49.15
9.38 	 24.80 	 49.03
9.40 	 26.80 	 49.73
9.43 	 25.50 	 49.03
9.45 	 25.50 	 49.03
9.47 	 25.30 	 48.45
9.50 	 27.00 	 48.34
9.53 	 24.90 	 49.73
9.55 	 28.70 	 48.80
9.57 	 24.70 	 49.97
9.60 	 28.80 	 48.45
9.62 	 25.90 	 48.69
9.65 	 28.90 	 48.45
9.68 	 25.90 	 49.15
9.70 	 30.40 	 49.62
9.72 	 26.60 	 48.92
9.75 	 28.80 	 49.97
9.78 	 27.30 	 49.03
9.80 	 27.60 	 49.62
9.82 	 27.50 	 50.90
9.85 	 27.50 	 50.90
9.88 	 28.70 	 50.20
9.90 	 27.00 	 50.43
9.93 	 31.00 	 48.92
9.95 	 26.50 	 49.73
9.97 	 30.50 	 50.20
10.00 	 27.00 	 50.31
10.03 	 31.20 	 50.55
10.05 	 27.70 	 49.38
10.07 	 31.70 	 50.43
10.10 	 29.40 	 48.80
10.12 	 29.40 	 49.85
10.15 	 30.00 	 49.38
10.18 	 30.00 	 49.03
10.20 	 29.90 	 48.45
10.22 	 29.80 	 48.45
10.25 	 29.90 	 48.80
10.28 	 29.20 	 49.85
10.30 	 33.50 	 49.15
10.32 	 29.50 	 48.69
10.35 	 33.70 	 49.38
10.38 	 29.70 	 48.10
10.40 	 33.50 	 49.38
10.43 	 29.60 	 50.31
10.45 	 34.40 	 48.80
10.47 	 31.10 	 49.73
10.50 	 32.20 	 49.15
10.53 	 31.20 	 49.50
10.55 	 33.80 	 49.73
10.57 	 31.70 	 50.31
10.60 	 32.90 	 50.66
10.62 	 31.30 	 50.66
10.65 	 35.20 	 49.85
10.68 	 31.00 	 48.69
10.70 	 34.90 	 50.31
10.72 	 31.80 	 51.59
10.75 	 36.30 	 49.62
10.78 	 32.00 	 50.78
10.80 	 36.10 	 49.97
10.82 	 33.30 	 50.43
10.85 	 33.50 	 51.13
10.88 	 33.80 	 50.90
10.90 	 34.00 	 50.08
10.93 	 34.20 	 49.38
10.95 	 34.00 	 48.92
10.97 	 33.90 	 48.80
11.00 	 35.50 	 48.69
11.03 	 33.70 	 49.85
11.05 	 37.60 	 48.22
11.07 	 33.50 	 49.73
11.10 	 37.60 	 48.45
11.12 	 33.90 	 49.15
11.15 	 37.90 	 49.38
11.18 	 33.80 	 49.97
11.20 	 37.80 	 49.62
11.22 	 34.90 	 49.27
11.25 	 38.60 	 49.50
11.28 	 35.50 	 48.80
11.30 	 38.10 	 50.43
11.32 	 36.10 	 51.01
11.35 	 36.40 	 50.78
11.38 	 36.70 	 50.78
11.40 	 36.30 	 50.55
11.43 	 38.40 	 50.08
11.45 	 36.10 	 51.36
11.47 	 40.10 	 50.55
11.50 	 36.10 	 50.90
11.53 	 40.20 	 50.55
11.55 	 36.00 	 49.85
11.57 	 39.70 	 50.90
11.60 	 36.40 	 50.20
11.62 	 41.60 	 49.50
11.65 	 37.50 	 50.08
11.68 	 40.60 	 48.22
11.70 	 38.90 	 49.03
11.72 	 38.90 	 49.38
11.75 	 38.70 	 50.20
11.78 	 38.40 	 50.43
11.80 	 40.30 	 49.97
11.82 	 37.50 	 49.85
11.85 	 41.50 	 49.97
11.88 	 37.30 	 49.15
11.90 	 41.00 	 51.13
11.93 	 38.30 	 51.01
11.95 	 42.50 	 49.38
11.97 	 38.70 	 50.43
12.00 	 42.50 	 49.15
12.03 	 39.70 	 50.55
12.05 	 42.10 	 51.13
12.07 	 40.40 	 51.36
12.10 	 41.00 	 51.25
12.12 	 40.60 	 51.25
12.15 	 40.40 	 51.01
12.18 	 42.90 	 51.36
12.20 	 40.00 	 51.25
12.22 	 44.00 	 50.66
12.25 	 39.70 	 52.06
12.28 	 43.80 	 50.31
12.30 	 41.40 	 50.90
12.32 	 43.50 	 50.55
12.35 	 41.80 	 50.90
12.38 	 43.20 	 50.20
12.40 	 42.20 	 49.73
12.43 	 42.10 	 49.38
12.45 	 44.00 	 49.27
12.47 	 41.80 	 49.15
12.50 	 45.50 	 50.55
12.53 	 41.70 	 51.25
12.55 	 45.90 	 49.50
12.57 	 41.90 	 50.66
12.60 	 45.90 	 49.15
12.62 	 41.90 	 50.55
12.65 	 45.80 	 50.66
12.68 	 42.30 	 50.43
12.70 	 46.60 	 50.08
12.72 	 42.90 	 49.97
12.75 	 47.00 	 50.43
12.78 	 44.30 	 50.20
12.80 	 44.10 	 52.06
12.82 	 47.50 	 50.55
12.85 	 45.10 	 51.83
12.88 	 44.80 	 51.59
12.90 	 44.50 	 51.94
12.93 	 48.30 	 51.36
12.95 	 44.70 	 52.41
12.97 	 49.10 	 51.71
13.00 	 45.90 	 51.48
13.03 	 46.20 	 51.48
13.05 	 46.30 	 50.78
13.07 	 46.50 	 50.90
13.10 	 46.40 	 50.90
13.12 	 46.30 	 50.08
13.15 	 46.10 	 49.73
13.18 	 48.60 	 48.80
13.20 	 45.60 	 50.08
13.22 	 49.20 	 50.20
13.25 	 45.50 	 51.36
13.28 	 50.00 	 50.55
13.30 	 46.50 	 50.31
13.32 	 50.00 	 50.43
13.35 	 47.60 	 49.97
13.38 	 48.00 	 51.59
13.40 	 47.90 	 52.29
13.43 	 47.50 	 51.25
13.45 	 51.30 	 49.38
13.47 	 47.90 	 51.01
13.50 	 51.30 	 51.13
13.53 	 48.10 	 52.53
13.55 	 51.90 	 51.48
13.57 	 47.80 	 51.71
13.60 	 51.70 	 51.48
13.62 	 49.10 	 51.83
13.65 	 49.20 	 52.41
13.68 	 50.30 	 53.46
13.70 	 48.70 	 53.46
13.72 	 52.60 	 51.13
13.75 	 49.80 	 51.48
13.78 	 50.60 	 50.90
13.80 	 50.60 	 51.01
13.82 	 50.40 	 51.25
13.85 	 50.10 	 50.78
13.88 	 52.60 	 49.85
13.90 	 49.80 	 49.85
13.93 	 53.50 	 50.43
13.95 	 49.40 	 50.08
13.97 	 52.80 	 51.94
14.00 	 48.70 	 51.13
14.03 	 52.60 	 52.76
14.05 	 49.70 	 51.59
14.07 	 54.30 	 50.20
14.10 	 50.50 	 51.83
14.12 	 54.30 	 51.59
14.15 	 51.60 	 51.71
14.18 	 55.00 	 51.25
14.20 	 52.30 	 51.36
14.22 	 54.50 	 51.94
14.25 	 52.60 	 52.41
14.28 	 54.40 	 53.34
14.30 	 53.40 	 53.22
14.32 	 53.30 	 53.46
14.35 	 52.90 	 53.46
14.38 	 55.80 	 52.53
14.40 	 52.60 	 53.57
14.43 	 57.30 	 51.94
14.45 	 53.60 	 51.13
14.47 	 56.60 	 50.43
14.50 	 55.00 	 50.08
14.53 	 54.90 	 50.55
14.55 	 54.70 	 51.36
14.57 	 54.20 	 52.06
14.60 	 57.10 	 51.71
14.62 	 53.70 	 50.78
14.65 	 57.40 	 50.66
14.68 	 53.40 	 52.64
14.70 	 57.20 	 51.71
14.72 	 54.20 	 52.41
14.75 	 58.80 	 51.48
14.78 	 54.90 	 51.83
14.80 	 58.60 	 51.59
14.82 	 56.20 	 51.83
14.85 	 56.20 	 53.11
14.88 	 55.80 	 53.92
14.90 	 59.80 	 53.46
14.93 	 56.40 	 51.71
14.95 	 58.40 	 52.41
14.97 	 56.00 	 54.16
15.00 	 59.60 	 53.46
15.03 	 56.00 	 54.27
15.05 	 61.20 	 52.64
15.07 	 58.40 	 51.59
15.10 	 58.50 	 51.36
15.12 	 58.50 	 51.36
15.15 	 58.50 	 51.71
15.18 	 58.30 	 51.59
15.20 	 57.90 	 51.25
15.22 	 60.00 	 51.36
15.25 	 57.70 	 51.71
15.28 	 61.50 	 51.36
15.30 	 57.20 	 53.46
15.32 	 61.30 	 51.83
15.35 	 57.70 	 51.94
15.38 	 61.50 	 51.01
15.40 	 57.70 	 51.13
15.43 	 61.40 	 51.48
15.45 	 57.20 	 51.94
15.47 	 60.70 	 52.99
15.50 	 56.80 	 51.59
15.53 	 61.50 	 52.76
15.55 	 58.30 	 53.34
15.57 	 61.60 	 52.53
15.60 	 58.80 	 54.16
15.62 	 62.40 	 52.99
15.65 	 59.10 	 53.69
15.68 	 63.80 	 53.11
15.70 	 61.00 	 52.99
15.72 	 62.40 	 53.22
15.75 	 63.10 	 52.53
15.78 	 63.10 	 51.71
15.80 	 62.70 	 51.36
15.82 	 62.40 	 51.13
15.85 	 62.10 	 51.83
15.88 	 61.70 	 52.53
15.90 	 63.80 	 52.18
15.93 	 60.90 	 52.88
15.95 	 64.80 	 51.71
15.97 	 60.70 	 52.06
16.00 	 64.40 	 52.06
16.02 	 62.00 	 52.29
16.05 	 66.10 	 52.76
16.07 	 62.10 	 51.83
16.10 	 66.30 	 52.76
16.12 	 63.10 	 51.01
16.15 	 65.30 	 52.29
16.18 	 63.70 	 54.39
16.20 	 64.10 	 54.39
16.23 	 63.80 	 54.04
16.25 	 65.60 	 53.69
16.27 	 63.40 	 53.69
16.30 	 66.90 	 53.46
16.32 	 63.20 	 54.16
16.35 	 68.10 	 54.74
16.38 	 65.40 	 52.99
16.40 	 65.80 	 52.18
16.43 	 65.50 	 51.36
16.45 	 65.50 	 52.06
16.48 	 65.20 	 52.29
16.50 	 67.30 	 51.48
16.52 	 64.40 	 52.29
16.55 	 68.00 	 51.36
16.57 	 64.20 	 52.18
16.60 	 68.20 	 52.76
16.62 	 64.40 	 53.22
16.65 	 68.50 	 53.34
16.68 	 64.50 	 51.94
16.70 	 68.50 	 52.41
16.73 	 64.40 	 50.90
16.75 	 68.20 	 51.59
16.77 	 64.20 	 53.81
16.80 	 67.60 	 52.53
16.82 	 64.20 	 53.22
16.85 	 68.50 	 52.53
16.88 	 64.80 	 53.22
16.90 	 68.50 	 53.69
16.93 	 66.20 	 54.04
16.95 	 69.90 	 54.51
16.98 	 68.20 	 52.88
17.00 	 70.10 	 52.18
17.02 	 69.10 	 50.78
17.05 	 69.80 	 52.06
17.07 	 69.40 	 52.29
17.10 	 68.80 	 52.29
17.12 	 70.40 	 51.59
17.15 	 68.00 	 51.94
17.18 	 71.50 	 51.71
17.20 	 67.70 	 52.99
17.23 	 71.60 	 53.69
17.25 	 68.10 	 52.88
17.27 	 71.60 	 52.99
17.30 	 68.00 	 51.25
17.32 	 72.50 	 52.41
17.35 	 69.00 	 54.04
17.38 	 72.30 	 52.76
17.40 	 70.20 	 53.92
17.43 	 73.30 	 52.41
17.45 	 70.90 	 53.34
17.48 	 72.30 	 53.81
17.50 	 70.80 	 54.74
17.52 	 75.20 	 54.74
17.55 	 72.00 	 54.39
17.57 	 72.50 	 55.09
17.60 	 73.40 	 53.22
17.62 	 73.40 	 51.83
17.65 	 73.20 	 51.94
17.68 	 73.10 	 52.06
17.70 	 72.40 	 52.06
17.73 	 72.10 	 51.71
17.75 	 75.40 	 50.78
17.77 	 71.70 	 51.94
17.80 	 75.40 	 52.64
17.82 	 71.40 	 53.11
17.85 	 75.40 	 53.11
17.88 	 71.70 	 51.71
17.90 	 75.20 	 52.76
17.93 	 72.10 	 51.25
17.95 	 76.10 	 51.94
17.98 	 72.80 	 53.81
18.00 	 76.30 	 51.94
18.02 	 73.70 	 53.46
18.05 	 76.80 	 52.53
18.07 	 74.60 	 53.57
18.10 	 74.60 	 55.20
18.12 	 76.00 	 54.97
18.15 	 74.90 	 54.51
18.18 	 76.40 	 54.74
18.20 	 75.50 	 53.81
18.23 	 76.10 	 53.92
18.25 	 76.20 	 52.29
18.27 	 76.10 	 51.83
18.30 	 75.70 	 51.59
18.32 	 77.10 	 50.55
18.35 	 74.90 	 51.83
18.38 	 78.40 	 51.83
18.40 	 74.00 	 52.88
18.43 	 77.40 	 53.46
18.45 	 73.50 	 52.88
18.48 	 78.10 	 53.11
18.50 	 75.30 	 51.71
18.52 	 78.70 	 53.11
18.55 	 75.80 	 53.57
18.57 	 79.80 	 52.18
18.60 	 76.10 	 53.46
18.62 	 80.60 	 52.18
18.65 	 77.20 	 53.69
18.68 	 81.10 	 53.81
18.70 	 78.30 	 54.51
18.73 	 78.00 	 55.55
18.75 	 80.90 	 54.74
18.77 	 78.70 	 54.51
18.80 	 78.30 	 55.32
18.82 	 80.90 	 56.02
18.85 	 78.50 	 56.60
18.88 	 83.50 	 53.57
18.90 	 81.00 	 53.46
18.93 	 81.20 	 51.94
18.95 	 81.00 	 51.94
18.98 	 80.60 	 52.76
19.00 	 80.10 	 52.88
19.02 	 79.60 	 53.11
19.05 	 82.30 	 52.99
19.07 	 78.60 	 52.41
19.10 	 82.00 	 53.57
19.12 	 78.30 	 53.34
19.15 	 82.50 	 53.11
19.18 	 80.10 	 54.62
19.20 	 83.80 	 52.18
19.23 	 80.10 	 53.34
19.25 	 84.60 	 52.99
19.27 	 80.90 	 54.62
19.30 	 84.50 	 54.27
19.32 	 82.10 	 54.27
19.35 	 81.70 	 54.97
19.38 	 83.90 	 54.86
19.40 	 82.60 	 55.09
19.43 	 82.10 	 56.49
19.45 	 83.60 	 56.95
19.48 	 81.50 	 56.72
19.50 	 85.60 	 54.27
19.52 	 82.40 	 54.86
19.55 	 86.20 	 52.41
19.57 	 83.30 	 52.76
19.60 	 83.60 	 52.88
19.62 	 83.30 	 52.88
19.65 	 84.50 	 52.18
19.68 	 82.40 	 52.41
19.70 	 85.60 	 53.46
19.73 	 82.00 	 53.46
19.75 	 85.60 	 55.79
19.77 	 82.10 	 55.32
19.80 	 85.70 	 52.88
19.82 	 82.00 	 54.39
19.85 	 86.20 	 53.57
19.88 	 83.20 	 54.74
19.90 	 86.30 	 54.39
19.93 	 83.60 	 54.39
19.95 	 87.60 	 54.62
19.98 	 84.10 	 53.81
20.00 	 88.30 	 55.20
20.02 	 84.70 	 55.20
20.05 	 88.60 	 56.84
20.07 	 85.90 	 56.95
20.10 	 87.10 	 55.90
20.12 	 86.70 	 56.84
20.15 	 86.80 	 57.65
20.18 	 87.30 	 57.42
20.20 	 88.10 	 55.20
20.23 	 88.20 	 53.11
20.25 	 88.30 	 52.29
20.27 	 88.00 	 52.29
20.30 	 87.40 	 52.53
20.32 	 86.90 	 53.57
20.35 	 90.10 	 53.92
20.38 	 85.80 	 54.39
20.40 	 90.10 	 53.22
20.43 	 87.00 	 55.09
20.45 	 90.80 	 54.51
20.48 	 87.30 	 55.55
20.50 	 91.80 	 54.04
20.52 	 88.50 	 54.39
20.55 	 89.50 	 54.39
20.57 	 88.90 	 54.04
20.60 	 88.80 	 55.79
20.62 	 90.00 	 56.14
20.65 	 88.10 	 55.55
20.68 	 91.40 	 54.16
20.70 	 87.40 	 56.02
20.73 	 90.90 	 55.32
20.75 	 87.40 	 57.07
20.77 	 91.60 	 56.37
20.80 	 88.20 	 56.60
20.82 	 91.70 	 56.49
20.85 	 90.20 	 56.37
20.88 	 93.20 	 56.25
20.90 	 92.30 	 54.27
20.93 	 93.10 	 53.81
20.95 	 92.90 	 53.46
20.98 	 92.30 	 52.88
21.00 	 91.80 	 53.46
21.02 	 91.10 	 54.27
21.05 	 93.30 	 54.39
21.07 	 90.00 	 55.55
21.10 	 93.40 	 54.74
21.12 	 89.80 	 55.09
21.15 	 93.30 	 54.86
21.18 	 90.10 	 54.86
21.20 	 94.50 	 55.79
21.23 	 91.10 	 54.86
21.25 	 94.10 	 55.90
21.27 	 91.50 	 55.67
21.30 	 95.00 	 54.62
21.32 	 91.60 	 56.72
21.35 	 96.00 	 56.14
21.38 	 92.30 	 56.84
21.40 	 96.20 	 56.14
21.43 	 93.50 	 55.90
21.45 	 94.90 	 56.84
21.48 	 94.30 	 57.30
21.50 	 94.00 	 58.47
21.52 	 95.60 	 58.00
21.55 	 94.60 	 57.30
21.57 	 95.80 	 55.90
21.60 	 96.20 	 54.51
21.62 	 96.30 	 54.04
21.65 	 95.70 	 54.27
21.68 	 95.20 	 54.62
21.70 	 94.50 	 54.86
21.73 	 97.50 	 54.16
21.75 	 93.60 	 54.27
21.77 	 97.10 	 55.90
21.80 	 93.40 	 56.25
21.82 	 96.90 	 57.30
21.85 	 93.30 	 55.55
21.88 	 97.70 	 55.09
21.90 	 94.90 	 56.60
21.93 	 97.90 	 56.14
21.95 	 95.10 	 57.65
21.98 	 99.00 	 56.37
22.00 	 95.00 	 56.95
22.02 	 99.50 	 56.49
22.05 	 96.30 	 56.60
22.07 	 99.50 	 57.88
22.10 	 97.00 	 57.30
22.12 	 100.40 	 58.23
22.15 	 98.20 	 56.72
22.18 	 98.10 	 58.35
22.20 	 99.40 	 58.47
22.23 	 100.30 	 58.82
22.25 	 100.80 	 56.84
22.27 	 100.90 	 55.32
22.30 	 100.80 	 54.27
22.32 	 100.10 	 54.39
22.35 	 99.40 	 55.09
22.38 	 98.70 	 56.02
22.40 	 101.70 	 56.14
22.43 	 97.50 	 55.20
22.45 	 100.80 	 56.84
22.48 	 97.40 	 57.42
22.50 	 101.10 	 55.90
22.52 	 98.80 	 58.12
22.55 	 102.10 	 56.60
22.57 	 98.70 	 57.30
22.60 	 102.80 	 56.37
22.62 	 98.90 	 56.95
22.65 	 102.70 	 57.42
22.68 	 100.50 	 57.88
22.70 	 102.10 	 58.58
22.73 	 101.00 	 57.77
22.75 	 102.60 	 58.47
22.77 	 100.50 	 58.23
22.80 	 104.30 	 56.84
22.82 	 101.60 	 59.17
22.85 	 102.70 	 58.70
22.88 	 101.90 	 58.82
22.90 	 104.50 	 57.77
22.93 	 104.00 	 56.25
22.95 	 104.30 	 55.20
22.98 	 103.90 	 54.97
23.00 	 103.20 	 55.32
23.02 	 102.60 	 55.55
23.05 	 104.20 	 55.20
23.07 	 101.30 	 56.60
23.10 	 104.10 	 55.79
23.12 	 100.40 	 57.77
23.15 	 104.00 	 56.14
23.18 	 100.20 	 57.30
23.20 	 103.60 	 56.37
23.23 	 102.10 	 56.49
23.25 	 103.30 	 56.84
23.27 	 103.80 	 56.84
23.30 	 103.90 	 57.42
23.32 	 104.60 	 57.65
23.35 	 103.20 	 57.30
23.38 	 106.20 	 57.07
23.40 	 104.70 	 58.93
23.43 	 106.80 	 58.58
23.45 	 105.80 	 58.93
23.48 	 106.10 	 58.93
23.50 	 106.20 	 58.47
23.52 	 106.00 	 58.93
23.55 	 105.80 	 59.63
23.57 	 108.00 	 59.52
23.60 	 107.20 	 59.17
23.62 	 107.70 	 58.12
23.65 	 107.50 	 55.90
23.68 	 107.10 	 56.25
23.70 	 106.20 	 56.84
23.73 	 109.30 	 55.79
23.75 	 105.00 	 57.19
23.77 	 107.80 	 55.67
23.80 	 104.80 	 56.60
23.82 	 108.80 	 57.19
23.85 	 105.60 	 57.88
23.88 	 109.00 	 58.35
23.90 	 105.80 	 57.07
23.93 	 109.90 	 58.35
23.95 	 106.40 	 56.37
23.98 	 109.70 	 57.07
24.00 	 107.50 	 59.40
24.02 	 110.30 	 57.88
24.05 	 108.00 	 58.93
24.07 	 111.40 	 57.65
24.10 	 108.30 	 58.35
24.12 	 112.40 	 58.35
24.15 	 109.20 	 58.93
24.18 	 111.10 	 59.52
24.20 	 110.00 	 58.70
24.23 	 110.00 	 58.93
24.25 	 110.50 	 59.28
24.27 	 111.00 	 58.93
24.30 	 111.20 	 58.12
24.32 	 111.10 	 57.65
24.35 	 110.40 	 57.07
24.38 	 109.70 	 57.07
24.40 	 112.30 	 56.14
24.43 	 108.80 	 57.65
24.45 	 112.20 	 57.77
24.48 	 108.40 	 57.77
24.50 	 112.30 	 58.23
24.52 	 109.00 	 56.84
24.55 	 112.40 	 58.23
24.57 	 108.80 	 56.84
24.60 	 111.90 	 57.88
24.62 	 109.40 	 58.93
24.65 	 112.80 	 57.65
24.68 	 109.20 	 58.23
24.70 	 112.80 	 57.53
24.73 	 110.50 	 58.70
24.75 	 113.20 	 59.17
24.77 	 110.80 	 59.05
24.80 	 114.30 	 58.93
24.82 	 111.10 	 57.77
24.85 	 115.60 	 59.05
24.88 	 112.70 	 58.12
24.90 	 117.60 	 58.23
24.93 	 115.70 	 58.23
24.95 	 115.80 	 57.07
24.98 	 116.40 	 56.60
25.00 	 115.90 	 57.07
25.02 	 115.10 	 58.12
25.05 	 113.90 	 58.58
25.07 	 117.10 	 57.88
25.10 	 113.30 	 56.95
25.12 	 116.70 	 57.53
25.15 	 113.40 	 56.72
25.18 	 116.40 	 59.05
25.20 	 112.70 	 59.75
25.23 	 116.70 	 57.07
25.25 	 114.00 	 58.58
25.27 	 116.90 	 57.42
25.30 	 113.60 	 58.70
25.32 	 117.60 	 58.82
25.35 	 114.50 	 59.05
25.38 	 117.40 	 58.93
25.40 	 115.10 	 58.35
25.43 	 118.10 	 58.47
25.45 	 115.50 	 57.88
25.48 	 119.40 	 59.63
25.50 	 116.20 	 59.63
25.52 	 121.10 	 58.12
25.55 	 119.10 	 58.70
25.57 	 119.70 	 58.12
25.60 	 120.40 	 57.30
25.62 	 119.90 	 58.35
25.65 	 119.20 	 58.35
25.68 	 118.40 	 58.12
25.70 	 117.70 	 58.35
25.73 	 120.70 	 57.30
25.75 	 117.00 	 56.60
25.77 	 120.50 	 58.93
25.80 	 116.90 	 59.17
25.82 	 120.00 	 57.07
25.85 	 117.60 	 58.47
25.88 	 121.00 	 57.30
25.90 	 117.60 	 59.05
25.93 	 121.00 	 59.05
25.95 	 118.70 	 58.82
25.98 	 121.30 	 58.47
26.00 	 119.40 	 57.88
26.02 	 122.30 	 58.23
26.05 	 119.90 	 58.12
26.07 	 122.20 	 59.98
26.10 	 120.30 	 59.40
26.12 	 122.30 	 58.82
26.15 	 121.10 	 59.05
26.18 	 121.30 	 59.28
26.20 	 121.90 	 59.87
26.23 	 122.30 	 60.22
26.25 	 122.00 	 58.47
26.27 	 121.60 	 58.00
26.30 	 121.00 	 57.77
26.32 	 124.00 	 57.53
26.35 	 119.60 	 57.07
26.38 	 122.40 	 59.52
26.40 	 119.70 	 59.28
26.43 	 123.90 	 56.84
26.45 	 120.00 	 58.47
26.48 	 123.50 	 57.88
26.50 	 121.30 	 59.17
26.52 	 124.70 	 58.82
26.55 	 121.30 	 59.05
26.57 	 125.10 	 58.47
26.60 	 122.10 	 58.12
26.62 	 125.40 	 58.82
26.65 	 123.10 	 58.23
26.68 	 126.00 	 60.22
26.70 	 124.10 	 59.63
26.73 	 123.90 	 59.52
26.75 	 124.90 	 58.82
26.77 	 124.20 	 59.40
26.80 	 125.90 	 59.40
26.82 	 124.70 	 59.63
26.85 	 125.10 	 59.87
26.88 	 125.10 	 58.93
26.90 	 124.80 	 58.35
26.93 	 126.10 	 58.35
26.95 	 123.60 	 58.58
26.98 	 126.50 	 59.17
27.00 	 122.50 	 59.52
27.02 	 125.50 	 56.95
27.05 	 123.70 	 57.77
27.07 	 125.10 	 58.12
27.10 	 124.90 	 58.35
27.12 	 126.10 	 58.23
27.15 	 124.80 	 58.82
27.18 	 126.80 	 58.35
27.20 	 125.50 	 58.47
27.23 	 128.60 	 59.17
27.25 	 126.90 	 58.70
27.27 	 128.10 	 59.87
27.30 	 127.60 	 59.40
27.32 	 127.50 	 59.05
27.35 	 127.70 	 59.40
27.38 	 127.30 	 59.87
27.40 	 129.80 	 58.93
27.43 	 127.40 	 59.40
27.45 	 131.30 	 58.82
27.48 	 128.60 	 58.23
27.50 	 128.90 	 59.28
27.52 	 128.80 	 58.35
27.55 	 128.20 	 58.47
27.57 	 131.10 	 59.05
27.60 	 126.50 	 58.93
27.62 	 129.20 	 56.60
27.65 	 126.20 	 58.82
27.68 	 130.30 	 58.12
27.70 	 127.10 	 59.40
27.73 	 129.70 	 58.23
27.75 	 127.20 	 58.47
27.77 	 131.10 	 58.12
27.80 	 127.50 	 57.77
27.82 	 131.30 	 59.52
27.85 	 128.70 	 58.47
27.88 	 131.40 	 59.87
27.90 	 129.40 	 59.40
27.93 	 132.50 	 57.30
27.95 	 130.40 	 59.17
27.98 	 133.60 	 58.82
28.00 	 131.10 	 59.75
28.02 	 133.30 	 59.52
28.05 	 131.10 	 58.93
28.07 	 135.10 	 58.58
28.10 	 133.20 	 58.12
28.12 	 133.60 	 59.87
28.15 	 133.80 	 60.10
28.18 	 133.60 	 59.75
28.20 	 132.90 	 58.35
28.23 	 132.20 	 58.58
28.25 	 134.40 	 57.65
28.27 	 130.90 	 59.17
28.30 	 134.30 	 58.35
28.32 	 130.50 	 58.47
28.35 	 133.70 	 57.77
28.38 	 130.00 	 57.88
28.40 	 133.30 	 58.82
28.43 	 132.10 	 58.00
28.45 	 133.40 	 58.82
28.48 	 133.00 	 57.77
28.50 	 133.70 	 57.65
28.52 	 133.30 	 58.35
28.55 	 134.50 	 58.58
28.57 	 133.60 	 59.87
28.60 	 136.50 	 59.05
28.62 	 134.80 	 58.93
28.65 	 136.70 	 59.05
28.68 	 135.80 	 59.05
28.70 	 136.20 	 59.75
28.73 	 136.40 	 60.22
28.75 	 135.80 	 60.45
28.77 	 135.50 	 59.98
28.80 	 137.60 	 58.12
28.82 	 136.00 	 59.17
28.85 	 136.40 	 59.98
28.88 	 136.30 	 60.22
28.90 	 135.30 	 59.17
28.93 	 138.30 	 57.88
28.95 	 134.00 	 57.53
28.98 	 136.80 	 58.58
29.00 	 133.20 	 58.00
29.02 	 136.10 	 59.75
29.05 	 137.20 	 58.12
29.07 	 135.00 	 58.47
29.10 	 137.80 	 57.65
29.12 	 135.60 	 58.70
29.15 	 139.40 	 58.47
29.18 	 136.40 	 59.75
29.20 	 140.20 	 58.82
29.23 	 137.20 	 58.82
29.25 	 141.20 	 58.58
29.27 	 138.60 	 58.12
29.30 	 139.20 	 59.87
29.32 	 139.10 	 60.22
29.35 	 138.80 	 59.63
29.38 	 140.30 	 58.12
29.40 	 137.80 	 59.52
29.43 	 141.00 	 58.35
29.45 	 138.10 	 59.63
29.48 	 141.90 	 58.93
29.50 	 139.10 	 58.93
29.52 	 142.70 	 58.70
29.55 	 139.70 	 57.77
29.57 	 141.90 	 59.28
29.60 	 139.70 	 58.82
29.62 	 142.50 	 57.77
29.65 	 138.60 	 59.52
29.68 	 141.90 	 57.65
29.70 	 139.70 	 59.05
29.73 	 142.50 	 58.47
29.75 	 139.90 	 59.52
29.77 	 143.70 	 59.40
29.80 	 140.20 	 58.47
29.82 	 144.20 	 58.82
29.85 	 141.30 	 58.00
29.88 	 144.40 	 59.75
29.90 	 142.20 	 60.10
29.93 	 141.80 	 59.98
29.95 	 145.50 	 58.12
29.98 	 142.80 	 59.05
30.00 	 142.50 	 59.17
30.02 	 143.80 	 59.52
30.05 	 142.00 	 59.87
30.07 	 145.50 	 58.93
30.10 	 142.20 	 58.00
30.12 	 145.40 	 58.93
30.15 	 141.50 	 57.42
30.18 	 145.00 	 58.23
30.20 	 141.60 	 59.98
30.23 	 145.10 	 58.23
30.25 	 143.70 	 59.05
30.27 	 147.40 	 58.12
30.30 	 143.30 	 58.70
30.32 	 146.50 	 59.05
30.35 	 143.50 	 59.05
30.38 	 145.90 	 59.98
30.40 	 143.50 	 58.35
30.43 	 147.30 	 59.28
30.45 	 144.00 	 59.98
30.48 	 147.50 	 58.70
30.50 	 144.70 	 59.75
30.52 	 147.60 	 58.35
30.55 	 145.80 	 58.82
30.57 	 145.30 	 59.40
30.60 	 148.70 	 58.70
30.62 	 146.30 	 59.28
30.65 	 145.80 	 60.45
30.68 	 148.90 	 59.75
30.70 	 146.00 	 59.52
30.73 	 149.50 	 57.88
30.75 	 146.60 	 59.75
30.77 	 148.20 	 59.63
30.80 	 146.30 	 59.40
30.82 	 150.20 	 58.58
30.85 	 146.90 	 58.23
30.88 	 149.50 	 58.47
30.90 	 146.90 	 58.23
30.93 	 150.90 	 59.87
30.95 	 147.40 	 58.58
30.98 	 150.90 	 57.53
31.00 	 149.10 	 58.93
31.02 	 149.00 	 59.75
31.05 	 148.20 	 59.87
31.07 	 151.00 	 58.70
31.10 	 147.90 	 58.70
31.12 	 151.20 	 58.70
31.15 	 147.90 	 57.77
31.18 	 150.80 	 58.93
31.20 	 147.20 	 58.35
31.23 	 150.20 	 58.12
31.25 	 146.70 	 59.75
31.27 	 150.80 	 57.77
31.30 	 147.50 	 58.70
31.32 	 150.50 	 58.82
31.35 	 147.50 	 59.40
31.38 	 151.80 	 59.52
31.40 	 148.10 	 58.47
31.43 	 151.60 	 59.28
31.45 	 149.30 	 57.65
31.48 	 151.90 	 58.35
31.50 	 150.20 	 60.45
31.52 	 152.80 	 58.23
31.55 	 150.60 	 58.93
31.57 	 153.90 	 58.58
31.60 	 150.90 	 58.47
31.62 	 154.80 	 59.28
31.65 	 151.70 	 59.17
31.68 	 154.80 	 59.63
31.70 	 152.60 	 58.58
31.73 	 152.30 	 59.52
31.75 	 155.50 	 58.58
31.77 	 153.50 	 60.22
31.80 	 153.10 	 60.45
31.82 	 152.60 	 60.22
31.85 	 155.50 	 58.58
31.88 	 151.70 	 58.23
31.90 	 154.90 	 58.47
31.93 	 151.10 	 58.47
31.95 	 154.30 	 60.22
31.98 	 151.70 	 59.75
32.00 	 155.10 	 57.42
32.02 	 151.40 	 58.93
32.05 	 155.30 	 58.00
32.08 	 152.70 	 59.63
32.10 	 155.30 	 59.28
32.12 	 153.00 	 58.93
32.15 	 156.40 	 58.70
32.17 	 153.00 	 57.88
32.20 	 157.30 	 59.28
32.23 	 154.10 	 60.10
32.25 	 157.20 	 58.00
32.27 	 154.90 	 59.17
32.30 	 157.60 	 57.77
32.33 	 155.80 	 58.82
32.35 	 157.00 	 59.17
32.38 	 155.80 	 59.63
32.40 	 159.50 	 59.40
32.42 	 156.10 	 58.35
32.45 	 159.30 	 59.17
32.48 	 157.20 	 59.40
32.50 	 157.00 	 60.45
32.52 	 156.50 	 59.98
32.55 	 159.40 	 58.23
32.58 	 156.10 	 58.82
32.60 	 159.90 	 58.12
32.62 	 156.40 	 58.35
32.65 	 159.40 	 59.28
32.67 	 155.80 	 58.70
32.70 	 159.20 	 59.63
32.73 	 156.90 	 59.52
32.75 	 159.80 	 57.77
32.77 	 156.50 	 59.52
32.80 	 160.00 	 59.28
32.83 	 157.30 	 59.17
32.85 	 159.80 	 59.28
32.88 	 157.90 	 58.00
32.90 	 160.90 	 58.70
32.92 	 158.20 	 58.12
32.95 	 161.60 	 58.35
32.98 	 158.60 	 59.75
33.00 	 161.90 	 58.35
33.02 	 159.60 	 59.05
33.05 	 161.80 	 58.47
33.08 	 160.40 	 59.28
33.10 	 159.80 	 60.45
33.12 	 162.60 	 59.40
33.15 	 160.70 	 58.35
33.17 	 160.90 	 59.17
33.20 	 160.30 	 59.40
33.23 	 162.80 	 58.35
33.25 	 159.40 	 59.75
33.27 	 162.40 	 58.82
33.30 	 159.80 	 58.47
33.33 	 163.10 	 58.23
33.35 	 159.80 	 58.12
33.38 	 163.00 	 59.87
33.40 	 160.90 	 58.47
33.42 	 163.30 	 57.65
33.45 	 161.30 	 59.28
33.48 	 164.20 	 57.77
33.50 	 161.40 	 59.40
33.52 	 165.00 	 59.28
33.55 	 161.90 	 59.17
33.58 	 165.40 	 59.28
33.60 	 162.40 	 58.12
33.62 	 165.60 	 58.93
33.65 	 163.60 	 60.45
33.67 	 163.30 	 60.45
33.70 	 165.80 	 58.23
33.73 	 163.80 	 59.17
33.75 	 165.00 	 58.47
33.77 	 163.10 	 59.05
33.80 	 165.60 	 59.17
33.83 	 162.50 	 58.70
33.85 	 165.80 	 59.40
33.88 	 163.70 	 57.77
33.90 	 166.70 	 57.42
33.92 	 163.00 	 59.40
33.95 	 166.00 	 58.47
33.98 	 163.40 	 59.75
34.00 	 166.10 	 58.70
34.02 	 163.20 	 58.00
34.05 	 166.90 	 58.82
34.08 	 164.40 	 58.12
34.10 	 166.80 	 59.87
34.12 	 164.80 	 59.87
34.15 	 167.60 	 58.12
34.17 	 164.70 	 58.70
34.20 	 168.60 	 58.12
34.23 	 165.50 	 59.28
34.25 	 169.20 	 59.40
34.27 	 166.10 	 59.05
34.30 	 168.80 	 59.40
34.33 	 167.30 	 57.88
34.35 	 168.00 	 58.47
34.38 	 167.20 	 60.22
34.40 	 170.90 	 58.47
34.42 	 166.90 	 59.40
34.45 	 169.90 	 58.23
34.48 	 167.80 	 58.00
34.50 	 170.70 	 58.70
34.52 	 167.50 	 58.23
34.55 	 171.50 	 59.87
34.58 	 168.10 	 59.40
34.60 	 171.20 	 57.65
34.62 	 169.10 	 58.93
34.65 	 168.70 	 59.98
34.67 	 171.80 	 58.93
34.70 	 169.30 	 59.05
34.73 	 171.10 	 59.17
34.75 	 168.70 	 58.58
34.77 	 171.70 	 59.05
34.80 	 169.20 	 59.87
34.83 	 172.60 	 58.00
34.85 	 169.10 	 59.52
34.88 	 171.90 	 58.35
34.90 	 169.70 	 58.23
34.92 	 172.40 	 58.23
34.95 	 169.30 	 58.47
34.98 	 173.50 	 59.87
35.00 	 170.40 	 59.40
35.02 	 173.20 	 57.07
35.05 	 171.20 	 59.05
35.08 	 172.80 	 58.58
35.10 	 171.20 	 59.98
35.12 	 174.70 	 58.93
35.15 	 171.40 	 58.82
35.17 	 174.40 	 59.17
35.20 	 172.10 	 57.30
35.23 	 173.50 	 58.70
35.25 	 172.00 	 59.87
35.27 	 175.80 	 58.35
35.30 	 172.40 	 59.05
35.33 	 174.90 	 58.00
35.35 	 172.20 	 58.12
35.38 	 175.60 	 58.93
35.40 	 171.80 	 58.82
35.42 	 176.00 	 59.87
35.45 	 173.50 	 59.17
35.48 	 175.00 	 57.77
35.50 	 173.80 	 59.28
35.52 	 175.60 	 58.93
35.55 	 173.20 	 59.40
35.58 	 176.60 	 58.70
35.60 	 174.40 	 57.77
35.62 	 176.00 	 58.70
35.65 	 173.30 	 57.77
35.67 	 176.70 	 58.35
35.70 	 174.30 	 59.63
35.73 	 176.90 	 58.12
35.75 	 173.50 	 58.58
35.77 	 177.40 	 57.77
35.80 	 174.60 	 58.47
35.83 	 177.00 	 59.98
35.85 	 175.20 	 58.23
35.88 	 178.10 	 57.07
35.90 	 175.00 	 59.05
35.92 	 178.80 	 57.53
35.95 	 175.70 	 59.52
35.98 	 178.50 	 58.70
36.00 	 176.40 	 59.05
36.02 	 179.00 	 58.70
36.05 	 177.20 	 57.65
36.08 	 177.70 	 58.93
36.10 	 176.80 	 59.98
36.12 	 180.20 	 58.35
36.15 	 177.10 	 58.93
36.17 	 179.80 	 58.12
36.20 	 176.20 	 58.35
36.23 	 180.10 	 58.82
36.25 	 177.30 	 58.58
36.27 	 179.90 	 59.75
36.30 	 176.60 	 59.28
36.33 	 180.10 	 57.30
36.35 	 177.30 	 59.05
36.38 	 179.70 	 58.58
36.40 	 177.80 	 59.52
36.42 	 181.10 	 58.82
36.45 	 178.10 	 58.12
36.48 	 181.60 	 58.82
36.50 	 178.20 	 59.63
36.52 	 181.80 	 58.35
36.55 	 179.20 	 59.40
36.58 	 182.00 	 58.35
36.60 	 180.10 	 58.35
36.62 	 181.40 	 58.23
36.65 	 180.40 	 58.58
36.67 	 182.40 	 59.98
36.70 	 180.00 	 58.70
36.73 	 183.30 	 57.30
36.75 	 181.00 	 58.47
36.77 	 182.20 	 58.00
36.80 	 179.90 	 59.52
36.83 	 183.50 	 59.05
36.85 	 180.90 	 58.23
36.88 	 183.70 	 58.82
36.90 	 180.10 	 57.65
36.92 	 183.40 	 57.53
36.95 	 181.10 	 59.75
36.98 	 183.20 	 58.47
37.00 	 181.10 	 58.70
37.02 	 184.40 	 58.12
37.05 	 181.10 	 57.65
37.08 	 184.80 	 58.82
37.10 	 181.80 	 58.35
37.12 	 184.70 	 57.77
37.15 	 182.70 	 59.05
37.17 	 185.20 	 57.53
37.20 	 183.30 	 58.58
37.23 	 185.70 	 58.82
37.25 	 183.90 	 58.82
37.27 	 185.50 	 59.40
37.30 	 184.00 	 58.47
37.33 	 187.10 	 56.84
37.35 	 184.20 	 59.28
37.38 	 186.80 	 58.23
37.40 	 184.90 	 59.52
37.42 	 185.80 	 59.17
37.45 	 184.10 	 58.70
37.48 	 187.40 	 58.00
37.50 	 184.90 	 57.30
37.52 	 187.60 	 58.00
37.55 	 183.60 	 59.52
37.58 	 187.10 	 57.53
37.60 	 184.70 	 58.00
37.62 	 187.40 	 57.88
37.65 	 184.20 	 58.23
37.68 	 187.70 	 59.63
37.70 	 184.90 	 58.35
37.73 	 187.50 	 57.19
37.75 	 185.40 	 58.70
37.78 	 188.20 	 57.88
37.80 	 185.40 	 59.17
37.83 	 189.10 	 58.82
37.85 	 185.70 	 58.58
37.88 	 189.20 	 58.47
37.91 	 186.60 	 57.30
37.93 	 189.20 	 57.53
37.96 	 187.20 	 59.98
37.98 	 189.80 	 58.12
38.01 	 188.00 	 58.58
38.03 	 190.70 	 57.77
38.06 	 188.30 	 58.00
38.09 	 191.10 	 58.82
38.11 	 188.60 	 58.35
38.14 	 192.00 	 57.88
38.16 	 188.90 	 58.82
38.19 	 192.60 	 57.30
38.22 	 189.50 	 58.35
38.24 	 191.40 	 59.28
38.27 	 190.20 	 59.52
38.29 	 189.70 	 59.17
38.32 	 191.60 	 58.93
38.35 	 189.10 	 58.82
38.37 	 192.30 	 57.53
38.40 	 189.40 	 59.28
38.42 	 192.10 	 58.35
38.45 	 188.60 	 58.23
38.48 	 191.30 	 58.35
38.50 	 187.90 	 57.30
38.53 	 190.60 	 59.05
38.55 	 191.60 	 57.77
38.58 	 188.60 	 59.52
38.61 	 192.20 	 57.53
38.63 	 189.20 	 58.00
38.66 	 192.30 	 58.35
38.68 	 190.10 	 58.47
38.71 	 192.60 	 59.63
38.74 	 190.80 	 59.17
38.76 	 193.20 	 57.07
38.79 	 191.60 	 58.58
38.81 	 194.00 	 58.12
38.84 	 191.80 	 59.05
38.87 	 194.50 	 58.70
38.89 	 192.60 	 58.35
38.92 	 195.20 	 58.47
38.94 	 193.10 	 58.93
38.97 	 196.10 	 58.00
39.00 	 193.70 	 59.52
39.02 	 195.90 	 58.58
39.05 	 193.60 	 58.58
39.07 	 197.30 	 57.77
39.10 	 193.80 	 57.65
39.13 	 197.10 	 58.93
39.15 	 194.80 	 59.63
39.18 	 195.80 	 58.23
39.20 	 194.70 	 58.23
39.23 	 198.00 	 57.42
39.26 	 194.70 	 58.12
39.28 	 196.80 	 59.05
39.31 	 194.50 	 58.12
39.33 	 197.80 	 56.95
39.36 	 194.40 	 58.47
39.39 	 197.40 	 57.30
39.41 	 195.00 	 59.05
39.44 	 197.50 	 58.58
39.46 	 195.40 	 58.00
39.49 	 198.60 	 58.58
39.52 	 195.40 	 57.07
39.54 	 198.80 	 57.42
39.57 	 195.70 	 59.40
39.59 	 198.90 	 58.23
39.62 	 196.60 	 58.23
39.65 	 198.90 	 57.77
39.67 	 196.90 	 57.30
39.70 	 199.40 	 58.70
39.72 	 197.40 	 59.75
39.75 	 200.40 	 57.53
39.78 	 197.70 	 58.58
39.80 	 200.70 	 57.07
39.83 	 197.90 	 57.77
39.85 	 201.40 	 58.58
39.88 	 198.30 	 58.35
39.91 	 201.90 	 57.07
39.93 	 198.70 	 59.05
39.96 	 201.30 	 57.07
39.98 	 199.40 	 58.82
40.01 	 200.80 	 58.70
40.04 	 199.70 	 58.70
40.06 	 199.30 	 59.17
40.09 	 201.80 	 58.35
40.11 	 198.30 	 58.93
40.14 	 201.10 	 57.77
40.17 	 198.90 	 59.05
40.19 	 201.80 	 57.77
40.22 	 198.30 	 57.77
40.24 	 200.70 	 58.12
40.27 	 198.60 	 57.19
40.30 	 201.20 	 57.88
40.32 	 198.10 	 59.40
40.35 	 201.70 	 57.30
40.37 	 198.70 	 58.35
40.40 	 201.20 	 57.65
40.43 	 199.30 	 58.12
40.45 	 201.70 	 59.28
40.48 	 198.90 	 57.88
40.50 	 202.30 	 56.95
40.53 	 199.10 	 58.23
40.56 	 202.70 	 57.07
40.58 	 199.80 	 58.47
40.61 	 199.10 	 59.40
40.63 	 202.40 	 58.82
40.66 	 199.70 	 57.30
40.69 	 200.60 	 57.88
40.71 	 199.20 	 59.05
40.74 	 202.00 	 57.77
40.76 	 198.30 	 58.47
40.79 	 200.70 	 58.00
40.82 	 198.40 	 57.65
40.84 	 201.50 	 58.35
40.87 	 198.00 	 59.40
40.89 	 200.90 	 57.88
40.92 	 198.70 	 58.70
40.95 	 201.20 	 57.53
40.97 	 198.50 	 57.88
41.00 	 201.80 	 58.12
41.02 	 198.70 	 57.77
41.05 	 201.90 	 59.17
41.08 	 199.70 	 59.05
41.10 	 199.20 	 58.58
41.13 	 202.00 	 57.07
41.15 	 199.40 	 58.35
41.18 	 201.30 	 58.70
41.21 	 198.60 	 58.58
41.23 	 201.20 	 58.82
41.26 	 199.20 	 58.23
41.28 	 202.40 	 56.95
41.31 	 199.00 	 58.70
41.34 	 201.40 	 58.23
41.36 	 199.00 	 58.35
41.39 	 202.00 	 58.35
41.41 	 199.10 	 57.42
41.44 	 202.80 	 58.58
41.47 	 199.40 	 59.17
41.49 	 201.20 	 58.35
41.52 	 200.00 	 58.58
41.54 	 199.60 	 58.23
41.57 	 200.40 	 57.77
41.60 	 198.70 	 58.00
41.62 	 201.40 	 59.05
41.65 	 197.80 	 59.40
41.67 	 200.30 	 56.84
41.70 	 198.10 	 58.00
41.73 	 201.20 	 57.42
41.75 	 198.20 	 58.35
41.78 	 200.60 	 58.70
41.80 	 198.30 	 57.53
41.83 	 201.50 	 56.60
41.86 	 198.00 	 58.35
41.88 	 201.00 	 57.42
41.91 	 198.80 	 59.05
41.93 	 201.30 	 58.58
41.96 	 198.90 	 57.88
41.99 	 202.20 	 58.00
