time [ms]	Pressure [Hgmm]	illuminance [lux]
0.00 	 0.00 	 60.22
0.03 	 0.00 	 60.57
0.05 	 0.30 	 60.92
0.07 	 -0.10 	 60.68
0.10 	 0.20 	 60.45
0.12 	 0.30 	 59.98
0.15 	 0.30 	 59.63
0.17 	 0.30 	 60.10
0.20 	 0.20 	 60.45
0.23 	 -0.00 	 60.10
0.25 	 0.20 	 59.98
0.28 	 0.00 	 59.52
0.30 	 0.10 	 60.22
0.33 	 -0.10 	 60.33
0.35 	 -0.10 	 60.10
0.38 	 0.70 	 59.87
0.40 	 0.20 	 59.63
0.42 	 0.20 	 59.75
0.45 	 -0.10 	 59.98
0.47 	 0.10 	 60.45
0.50 	 0.10 	 60.33
0.53 	 -0.10 	 60.10
0.55 	 0.20 	 60.10
0.57 	 -0.10 	 59.75
0.60 	 0.20 	 60.57
0.62 	 0.30 	 60.92
0.65 	 0.30 	 60.57
0.68 	 0.50 	 60.45
0.70 	 0.10 	 59.87
0.72 	 0.00 	 59.98
0.75 	 0.30 	 60.68
0.78 	 0.10 	 60.92
0.80 	 0.00 	 60.92
0.82 	 0.30 	 60.68
0.85 	 0.30 	 60.22
0.88 	 0.50 	 59.98
0.90 	 0.40 	 60.45
0.93 	 -0.10 	 60.33
0.95 	 0.30 	 60.45
0.97 	 0.90 	 59.63
1.00 	 0.30 	 59.75
1.02 	 0.40 	 59.63
1.05 	 0.40 	 60.22
1.07 	 0.20 	 60.57
1.10 	 0.20 	 60.33
1.12 	 0.20 	 59.87
1.15 	 0.20 	 59.87
1.18 	 0.40 	 59.40
1.20 	 0.20 	 60.33
1.23 	 0.20 	 60.45
1.25 	 -0.10 	 60.22
1.27 	 -0.10 	 59.63
1.30 	 -0.10 	 59.63
1.32 	 -0.00 	 59.98
1.35 	 0.10 	 60.45
1.38 	 0.10 	 60.68
1.40 	 0.00 	 60.10
1.43 	 0.20 	 60.22
1.45 	 0.20 	 59.63
1.48 	 0.20 	 59.98
1.50 	 0.50 	 60.92
1.52 	 0.20 	 60.68
1.55 	 0.50 	 60.10
1.57 	 0.40 	 60.22
1.60 	 0.40 	 59.63
1.62 	 0.40 	 59.63
1.65 	 0.40 	 60.22
1.68 	 0.30 	 60.10
1.70 	 0.00 	 59.87
1.73 	 0.40 	 59.63
1.75 	 0.40 	 59.40
1.77 	 0.30 	 59.75
1.80 	 0.20 	 60.33
1.82 	 0.40 	 60.10
1.85 	 0.90 	 60.45
1.88 	 0.30 	 59.98
1.90 	 0.50 	 59.75
1.93 	 0.40 	 59.87
1.95 	 -0.10 	 60.68
1.98 	 0.40 	 60.33
2.00 	 0.30 	 60.22
2.02 	 0.10 	 59.87
2.05 	 0.10 	 59.63
2.08 	 0.20 	 59.98
2.10 	 0.20 	 60.33
2.12 	 0.30 	 60.33
2.15 	 0.30 	 60.22
2.17 	 0.30 	 59.63
2.20 	 -0.00 	 60.45
2.23 	 0.20 	 60.68
2.25 	 0.20 	 61.61
2.27 	 0.30 	 60.57
2.30 	 0.30 	 60.22
2.33 	 0.30 	 59.98
2.35 	 0.30 	 59.40
2.38 	 0.00 	 59.98
2.40 	 0.30 	 60.10
2.42 	 0.50 	 59.87
2.45 	 0.50 	 59.40
2.48 	 -0.10 	 59.52
2.50 	 0.10 	 59.98
2.52 	 0.10 	 60.45
2.55 	 0.10 	 60.68
2.58 	 0.10 	 60.22
2.60 	 0.20 	 59.87
2.62 	 0.20 	 59.40
2.65 	 0.20 	 59.40
2.67 	 0.20 	 60.10
2.70 	 0.20 	 60.68
2.73 	 0.10 	 59.87
2.75 	 0.20 	 59.63
2.77 	 -0.10 	 59.75
2.80 	 0.20 	 60.68
2.83 	 0.20 	 60.68
2.85 	 0.20 	 60.92
2.88 	 0.20 	 60.45
2.90 	 0.20 	 60.10
2.92 	 0.00 	 59.87
2.95 	 0.00 	 59.87
2.98 	 0.30 	 60.57
3.00 	 0.30 	 60.92
3.02 	 0.30 	 60.10
3.05 	 0.20 	 59.98
3.08 	 0.20 	 59.63
3.10 	 0.30 	 59.87
3.12 	 0.30 	 60.22
3.15 	 -0.10 	 59.87
3.17 	 0.20 	 59.98
3.20 	 0.30 	 59.17
3.23 	 0.30 	 59.28
3.25 	 0.10 	 59.75
3.27 	 0.20 	 60.22
3.30 	 0.20 	 60.10
3.33 	 -0.10 	 59.75
3.35 	 0.40 	 59.17
3.38 	 0.10 	 59.40
3.40 	 -0.10 	 59.87
3.42 	 -0.10 	 60.10
3.45 	 0.00 	 59.63
3.48 	 0.30 	 59.40
3.50 	 0.30 	 59.75
3.52 	 0.20 	 59.40
3.55 	 0.30 	 59.87
3.58 	 0.30 	 60.45
3.60 	 0.30 	 60.22
3.62 	 0.20 	 59.63
3.65 	 0.40 	 59.75
3.67 	 0.30 	 59.63
3.70 	 0.40 	 60.10
3.73 	 0.40 	 60.68
3.75 	 0.00 	 60.33
3.77 	 0.30 	 60.22
3.80 	 0.30 	 59.98
3.83 	 0.30 	 59.87
3.85 	 0.20 	 59.87
3.88 	 0.20 	 60.45
3.90 	 0.20 	 59.63
3.92 	 0.20 	 59.52
3.95 	 0.20 	 58.93
3.98 	 0.10 	 59.52
4.00 	 0.20 	 59.63
4.03 	 0.20 	 59.87
4.05 	 0.20 	 59.40
4.08 	 0.20 	 59.40
4.10 	 0.20 	 59.52
4.12 	 0.20 	 59.17
4.15 	 0.30 	 59.63
4.17 	 0.00 	 59.98
4.20 	 0.30 	 59.40
4.22 	 0.30 	 59.52
4.25 	 0.40 	 59.52
4.28 	 0.10 	 59.40
4.30 	 -0.10 	 60.10
4.33 	 -0.10 	 59.87
4.35 	 0.20 	 59.75
4.38 	 0.30 	 59.40
4.40 	 0.60 	 59.52
4.42 	 -0.10 	 59.63
4.45 	 0.30 	 60.45
4.47 	 -0.10 	 60.10
4.50 	 0.30 	 59.87
4.53 	 0.30 	 59.75
4.55 	 0.30 	 59.40
4.58 	 0.20 	 59.98
4.60 	 0.30 	 59.63
4.62 	 0.20 	 59.52
4.65 	 0.20 	 59.28
4.67 	 0.20 	 58.82
4.70 	 0.20 	 59.05
4.72 	 0.10 	 59.28
4.75 	 0.20 	 59.63
4.78 	 0.20 	 59.40
4.80 	 0.10 	 59.17
4.83 	 0.10 	 58.93
4.85 	 0.20 	 59.52
4.88 	 0.30 	 59.75
4.90 	 0.30 	 59.75
4.92 	 0.30 	 59.17
4.95 	 0.40 	 59.52
4.97 	 0.20 	 58.93
5.00 	 -0.10 	 59.17
5.03 	 0.30 	 59.40
5.05 	 0.30 	 59.87
5.08 	 0.20 	 59.63
5.10 	 1.80 	 59.40
5.12 	 0.30 	 58.82
5.15 	 3.10 	 58.47
5.17 	 0.30 	 60.10
5.20 	 5.00 	 58.23
5.22 	 0.30 	 59.52
5.25 	 4.70 	 58.00
5.28 	 0.20 	 58.82
5.30 	 4.70 	 58.82
5.33 	 0.20 	 59.05
5.35 	 4.40 	 59.05
5.38 	 0.10 	 58.12
5.40 	 4.30 	 58.82
5.42 	 0.60 	 56.60
5.45 	 4.10 	 57.77
5.47 	 0.20 	 59.40
5.50 	 4.20 	 58.12
5.53 	 0.30 	 58.93
5.55 	 4.40 	 57.65
5.58 	 0.40 	 58.58
5.60 	 4.40 	 58.23
5.62 	 0.50 	 58.82
5.65 	 4.20 	 58.93
5.67 	 0.30 	 58.00
5.70 	 4.20 	 58.70
5.72 	 0.50 	 57.65
5.75 	 4.00 	 59.17
5.78 	 1.90 	 59.75
5.80 	 3.90 	 58.23
5.83 	 3.50 	 58.35
5.85 	 3.10 	 58.35
5.88 	 3.00 	 58.23
5.90 	 3.00 	 58.47
5.92 	 2.90 	 59.40
5.95 	 2.80 	 59.28
5.97 	 3.00 	 58.93
6.00 	 3.00 	 58.82
6.03 	 2.90 	 58.47
6.05 	 3.30 	 59.28
6.08 	 3.20 	 59.28
6.10 	 3.00 	 58.70
6.12 	 2.90 	 58.00
6.15 	 3.20 	 57.88
6.17 	 3.20 	 58.00
6.20 	 3.70 	 58.35
6.22 	 3.90 	 58.58
6.25 	 4.10 	 58.47
6.28 	 4.20 	 58.35
6.30 	 4.20 	 58.35
6.33 	 4.40 	 58.00
6.35 	 4.60 	 58.47
6.38 	 5.10 	 58.70
6.40 	 5.00 	 58.47
6.42 	 5.20 	 58.35
6.45 	 5.60 	 58.00
6.47 	 5.40 	 58.47
6.50 	 5.50 	 59.05
6.53 	 6.00 	 58.93
6.55 	 6.20 	 58.47
6.58 	 6.50 	 58.47
6.60 	 6.70 	 58.47
6.62 	 6.90 	 58.82
6.65 	 7.20 	 59.05
6.67 	 7.40 	 59.28
6.70 	 7.60 	 59.28
6.72 	 8.00 	 58.82
6.75 	 8.20 	 58.82
6.78 	 8.60 	 58.93
6.80 	 9.10 	 59.75
6.83 	 9.20 	 59.40
6.85 	 9.60 	 59.17
6.88 	 9.90 	 59.52
6.90 	 10.40 	 58.70
6.92 	 9.60 	 59.05
6.95 	 11.20 	 59.40
6.97 	 9.30 	 59.17
7.00 	 12.10 	 57.88
7.03 	 9.50 	 58.58
7.05 	 12.70 	 57.77
7.08 	 10.00 	 59.05
7.10 	 13.30 	 58.70
7.12 	 10.30 	 59.05
7.15 	 13.90 	 58.70
7.17 	 10.60 	 58.00
7.20 	 14.30 	 58.82
7.22 	 10.70 	 58.12
7.25 	 14.70 	 60.22
7.28 	 11.30 	 59.75
7.30 	 14.90 	 57.53
7.33 	 11.40 	 58.70
7.35 	 15.00 	 58.35
7.38 	 11.70 	 59.17
7.40 	 15.10 	 58.93
7.42 	 11.80 	 59.05
7.45 	 15.70 	 59.05
7.47 	 11.90 	 58.47
7.50 	 16.10 	 58.47
7.53 	 12.40 	 58.82
7.55 	 15.80 	 60.45
7.58 	 12.90 	 59.98
7.60 	 16.40 	 58.12
7.62 	 13.20 	 59.40
7.65 	 16.60 	 58.82
7.67 	 13.30 	 59.87
7.70 	 16.80 	 59.40
7.72 	 13.40 	 59.40
7.75 	 17.30 	 59.05
7.78 	 13.70 	 58.58
7.80 	 17.50 	 58.47
7.83 	 14.20 	 58.23
7.85 	 17.70 	 59.28
7.88 	 14.20 	 58.12
7.90 	 18.00 	 57.42
7.92 	 14.60 	 58.93
7.95 	 18.20 	 58.00
7.97 	 14.70 	 59.63
8.00 	 18.10 	 58.70
8.03 	 14.80 	 58.93
8.05 	 18.70 	 58.82
8.07 	 15.10 	 58.00
8.10 	 18.40 	 59.05
8.12 	 15.40 	 58.82
8.15 	 19.20 	 59.87
8.18 	 15.40 	 57.77
8.20 	 19.00 	 57.65
8.22 	 15.70 	 59.52
8.25 	 19.40 	 58.58
8.28 	 15.50 	 59.87
8.30 	 19.70 	 58.93
8.32 	 15.80 	 59.17
8.35 	 19.70 	 59.28
8.38 	 16.10 	 58.82
8.40 	 20.10 	 59.75
8.43 	 16.20 	 59.28
8.45 	 20.10 	 60.10
8.47 	 16.70 	 58.35
8.50 	 20.20 	 58.23
8.53 	 16.80 	 60.10
8.55 	 20.20 	 58.93
8.57 	 17.00 	 59.40
8.60 	 20.10 	 58.58
8.62 	 18.90 	 58.00
8.65 	 20.50 	 58.12
8.68 	 18.70 	 58.00
8.70 	 20.20 	 58.70
8.72 	 20.00 	 58.82
8.75 	 20.50 	 58.47
8.78 	 20.60 	 58.23
8.80 	 20.80 	 58.58
8.82 	 21.50 	 59.05
8.85 	 20.50 	 59.75
8.88 	 21.80 	 58.93
8.90 	 20.60 	 59.05
8.93 	 22.40 	 58.70
8.95 	 20.40 	 59.05
8.97 	 23.20 	 59.28
9.00 	 20.90 	 59.17
9.03 	 23.70 	 59.87
9.05 	 20.70 	 59.05
9.07 	 23.90 	 59.87
9.10 	 20.80 	 59.87
9.12 	 24.20 	 58.70
9.15 	 20.50 	 60.92
9.18 	 24.60 	 59.17
9.20 	 21.10 	 59.98
9.22 	 24.20 	 59.05
9.25 	 21.40 	 59.52
9.28 	 24.50 	 59.63
9.30 	 21.30 	 59.87
9.32 	 24.60 	 60.68
9.35 	 21.10 	 59.52
9.38 	 25.00 	 60.45
9.40 	 21.10 	 60.22
9.43 	 25.20 	 58.23
9.45 	 21.40 	 60.10
9.47 	 24.70 	 58.58
9.50 	 24.60 	 58.35
9.53 	 24.20 	 58.58
9.55 	 24.20 	 58.47
9.57 	 24.20 	 58.93
9.60 	 24.80 	 59.40
9.62 	 25.10 	 59.63
9.65 	 25.00 	 59.17
9.68 	 25.20 	 59.05
9.70 	 25.90 	 59.05
9.72 	 25.90 	 59.63
9.75 	 26.10 	 59.75
9.78 	 26.70 	 59.52
9.80 	 26.60 	 59.17
9.82 	 27.00 	 59.28
9.85 	 26.80 	 59.52
9.88 	 27.60 	 59.75
9.90 	 26.20 	 60.10
9.93 	 28.30 	 59.98
9.95 	 25.90 	 59.40
9.97 	 29.10 	 60.22
10.00 	 25.90 	 58.93
10.03 	 29.40 	 59.75
10.05 	 26.20 	 61.03
10.07 	 29.60 	 59.17
10.10 	 26.30 	 60.22
10.12 	 29.60 	 59.52
10.15 	 26.70 	 59.87
10.18 	 30.10 	 60.45
10.20 	 26.90 	 60.10
10.22 	 30.70 	 60.45
10.25 	 27.20 	 58.93
10.28 	 31.20 	 59.75
10.30 	 27.40 	 58.00
10.32 	 31.60 	 59.05
10.35 	 28.00 	 59.87
10.38 	 31.90 	 58.23
10.40 	 28.40 	 59.75
10.43 	 32.10 	 58.70
10.45 	 28.80 	 59.75
10.47 	 32.30 	 59.63
10.50 	 29.50 	 59.63
10.53 	 32.90 	 60.22
10.55 	 29.90 	 59.05
10.57 	 33.60 	 59.98
10.60 	 30.20 	 58.47
10.62 	 34.20 	 59.28
10.65 	 30.40 	 60.45
10.68 	 34.60 	 59.05
10.70 	 30.90 	 59.63
10.72 	 34.70 	 59.28
10.75 	 31.40 	 60.10
10.78 	 34.90 	 59.98
10.80 	 31.90 	 59.98
10.82 	 35.40 	 60.22
10.85 	 32.40 	 58.93
10.88 	 35.80 	 60.10
10.90 	 32.40 	 59.40
10.93 	 36.40 	 59.28
10.95 	 33.00 	 61.03
10.97 	 36.70 	 59.17
11.00 	 32.90 	 60.10
11.03 	 37.10 	 59.63
11.05 	 33.80 	 60.57
11.07 	 37.60 	 60.92
11.10 	 34.30 	 60.45
11.12 	 38.30 	 59.87
11.15 	 35.20 	 58.70
11.18 	 34.80 	 60.10
11.20 	 37.40 	 60.33
11.22 	 35.00 	 60.57
11.25 	 37.70 	 58.82
11.28 	 35.00 	 59.98
11.30 	 38.80 	 58.82
11.32 	 34.50 	 59.98
11.35 	 39.10 	 59.98
11.38 	 34.90 	 60.22
11.40 	 39.00 	 59.63
11.43 	 34.90 	 59.28
11.45 	 39.40 	 59.63
11.47 	 35.70 	 58.93
11.50 	 39.70 	 60.57
11.53 	 36.10 	 60.80
11.55 	 40.40 	 58.82
11.57 	 36.60 	 60.10
11.60 	 40.70 	 59.28
11.62 	 36.80 	 60.68
11.65 	 41.30 	 60.10
11.68 	 37.70 	 60.10
11.70 	 40.20 	 60.68
11.72 	 37.40 	 60.10
11.75 	 42.00 	 60.22
11.78 	 37.70 	 59.40
11.80 	 42.10 	 61.38
11.82 	 37.90 	 61.38
11.85 	 42.40 	 59.28
11.88 	 38.40 	 60.57
11.90 	 42.30 	 59.75
11.93 	 38.50 	 61.15
11.95 	 42.80 	 60.57
11.97 	 39.20 	 60.68
12.00 	 43.30 	 59.87
12.03 	 39.50 	 58.93
12.05 	 43.90 	 59.75
12.07 	 39.90 	 59.17
12.10 	 43.60 	 60.92
12.12 	 40.00 	 59.52
12.15 	 44.60 	 58.23
12.18 	 40.60 	 60.10
12.20 	 43.40 	 59.98
12.22 	 40.80 	 61.03
12.25 	 44.00 	 60.22
12.28 	 40.90 	 60.10
12.30 	 44.60 	 59.75
12.32 	 41.20 	 59.28
12.35 	 44.50 	 59.98
12.38 	 41.40 	 59.40
12.40 	 44.80 	 61.03
12.43 	 41.70 	 58.93
12.45 	 45.30 	 59.05
12.47 	 42.10 	 60.68
12.50 	 44.80 	 59.98
12.53 	 42.60 	 61.03
12.55 	 44.10 	 60.68
12.57 	 42.50 	 60.68
12.60 	 46.50 	 59.98
12.62 	 42.10 	 59.63
12.65 	 46.10 	 60.45
12.68 	 41.80 	 60.22
12.70 	 46.60 	 61.61
12.72 	 42.40 	 59.40
12.75 	 46.80 	 59.28
12.78 	 43.00 	 61.03
12.80 	 47.50 	 59.87
12.82 	 43.50 	 60.80
12.85 	 47.70 	 59.63
12.88 	 43.90 	 59.63
12.90 	 48.20 	 59.28
12.93 	 44.50 	 59.05
12.95 	 48.30 	 59.98
12.97 	 44.80 	 59.63
13.00 	 48.80 	 60.80
13.03 	 45.40 	 58.70
13.05 	 47.80 	 59.40
13.07 	 45.60 	 60.80
13.10 	 49.40 	 59.40
13.12 	 45.60 	 60.68
13.15 	 49.80 	 59.75
13.18 	 45.50 	 59.75
13.20 	 50.10 	 59.40
13.22 	 45.80 	 59.52
13.25 	 50.20 	 60.68
13.28 	 46.00 	 60.22
13.30 	 50.50 	 60.80
13.32 	 46.50 	 59.17
13.35 	 50.80 	 59.05
13.38 	 46.60 	 61.03
13.40 	 51.00 	 59.87
13.43 	 47.10 	 61.61
13.45 	 51.20 	 60.22
13.47 	 47.40 	 60.68
13.50 	 51.50 	 60.10
13.53 	 48.00 	 60.10
13.55 	 51.80 	 61.03
13.57 	 48.50 	 60.92
13.60 	 50.90 	 61.85
13.62 	 49.10 	 60.68
13.65 	 50.40 	 60.10
13.68 	 48.50 	 60.92
13.70 	 52.90 	 58.93
13.72 	 48.80 	 60.10
13.75 	 52.40 	 59.17
13.78 	 49.00 	 59.40
13.80 	 52.30 	 59.05
13.82 	 48.90 	 59.75
13.85 	 52.90 	 60.80
13.88 	 49.20 	 59.87
13.90 	 53.10 	 60.57
13.93 	 49.30 	 58.93
13.95 	 53.60 	 58.82
13.97 	 49.90 	 61.15
14.00 	 53.70 	 59.63
14.03 	 50.20 	 60.57
14.05 	 54.10 	 59.75
14.07 	 50.80 	 59.87
14.10 	 54.30 	 59.98
14.12 	 51.30 	 60.57
14.15 	 54.80 	 61.15
14.18 	 51.70 	 60.33
14.20 	 55.00 	 61.38
14.22 	 52.10 	 59.75
14.25 	 54.50 	 59.87
14.28 	 52.40 	 61.96
14.30 	 55.80 	 60.68
14.32 	 52.90 	 61.61
14.35 	 54.30 	 61.15
14.38 	 52.60 	 61.26
14.40 	 56.50 	 60.92
14.43 	 52.20 	 61.26
14.45 	 56.80 	 61.96
14.47 	 52.50 	 60.92
14.50 	 56.70 	 61.03
14.53 	 53.30 	 59.05
14.55 	 56.80 	 59.05
14.57 	 53.80 	 61.38
14.60 	 57.10 	 59.52
14.62 	 54.10 	 60.68
14.65 	 57.30 	 59.17
14.68 	 54.50 	 60.22
14.70 	 57.80 	 60.10
14.72 	 54.50 	 60.57
14.75 	 58.50 	 61.15
14.78 	 55.20 	 60.45
14.80 	 59.10 	 60.57
14.82 	 55.50 	 59.17
14.85 	 59.80 	 59.75
14.88 	 56.00 	 61.85
14.90 	 58.60 	 60.68
14.93 	 56.00 	 61.26
14.95 	 60.50 	 59.98
14.97 	 56.30 	 60.80
15.00 	 60.30 	 60.80
15.03 	 56.30 	 61.38
15.05 	 60.40 	 61.50
15.07 	 56.70 	 60.57
15.10 	 60.60 	 61.61
15.12 	 56.80 	 60.45
15.15 	 60.90 	 61.96
15.18 	 57.20 	 62.66
15.20 	 61.30 	 60.92
15.22 	 57.40 	 61.73
15.25 	 61.50 	 60.80
15.28 	 57.90 	 61.73
15.30 	 62.00 	 62.55
15.32 	 58.70 	 62.31
15.35 	 60.80 	 61.73
15.38 	 58.80 	 60.68
15.40 	 61.70 	 60.57
15.43 	 58.70 	 59.75
15.45 	 62.00 	 61.26
15.47 	 58.90 	 61.96
15.50 	 62.50 	 59.63
15.53 	 58.30 	 61.15
15.55 	 62.20 	 59.98
15.57 	 57.80 	 61.03
15.60 	 62.20 	 60.80
15.62 	 58.20 	 61.38
15.65 	 62.10 	 60.80
15.68 	 58.30 	 60.10
15.70 	 62.20 	 60.57
15.72 	 59.00 	 59.40
15.75 	 62.30 	 62.08
15.78 	 59.10 	 61.96
15.80 	 62.50 	 60.22
15.82 	 59.30 	 61.26
15.85 	 62.90 	 60.68
15.88 	 59.60 	 61.61
15.90 	 63.30 	 61.85
15.93 	 59.90 	 62.08
15.95 	 63.70 	 61.73
15.97 	 60.10 	 61.15
16.00 	 64.20 	 61.73
16.02 	 60.50 	 60.57
16.05 	 64.50 	 63.25
16.07 	 60.70 	 63.13
16.10 	 64.90 	 61.15
16.12 	 61.30 	 62.31
16.15 	 65.10 	 59.87
16.18 	 62.00 	 60.92
16.20 	 66.00 	 60.33
16.23 	 62.70 	 60.57
16.25 	 66.00 	 60.10
16.27 	 63.00 	 59.75
16.30 	 66.10 	 60.57
16.32 	 63.30 	 60.22
16.35 	 66.40 	 62.31
16.38 	 63.70 	 62.20
16.40 	 66.80 	 60.45
16.43 	 63.60 	 61.61
16.45 	 67.40 	 60.10
16.48 	 64.40 	 61.26
16.50 	 67.80 	 61.38
16.52 	 64.20 	 61.38
16.55 	 68.50 	 61.03
16.57 	 64.50 	 60.68
16.60 	 68.50 	 61.50
16.62 	 64.40 	 61.15
16.65 	 68.60 	 62.90
16.68 	 64.70 	 63.01
16.70 	 68.50 	 61.03
16.73 	 64.70 	 62.78
16.75 	 69.00 	 61.85
16.77 	 65.00 	 63.25
16.80 	 68.80 	 62.43
16.82 	 65.00 	 62.78
16.85 	 69.00 	 62.66
16.88 	 65.20 	 61.96
16.90 	 69.10 	 63.25
16.93 	 65.50 	 62.43
16.95 	 69.60 	 64.53
16.98 	 66.10 	 62.66
17.00 	 70.20 	 59.40
17.02 	 66.70 	 60.92
17.05 	 70.70 	 59.87
17.07 	 66.90 	 61.38
17.10 	 70.70 	 60.33
17.12 	 67.00 	 60.57
17.15 	 71.00 	 60.57
17.18 	 67.30 	 60.10
17.20 	 70.50 	 62.08
17.23 	 67.50 	 61.61
17.25 	 70.80 	 62.78
17.27 	 67.90 	 62.31
17.30 	 71.00 	 59.98
17.32 	 68.40 	 61.61
17.35 	 71.30 	 60.92
17.38 	 68.50 	 62.55
17.40 	 71.40 	 61.61
17.43 	 68.90 	 61.85
17.45 	 72.00 	 61.85
17.48 	 69.00 	 61.50
17.50 	 72.30 	 63.01
17.52 	 69.10 	 62.43
17.55 	 72.60 	 63.71
17.57 	 69.10 	 63.60
17.60 	 72.90 	 61.61
17.62 	 69.10 	 63.95
17.65 	 73.30 	 63.01
17.68 	 69.50 	 64.30
17.70 	 73.70 	 63.13
17.73 	 70.00 	 63.36
17.75 	 73.50 	 63.25
17.77 	 70.10 	 63.48
17.80 	 73.90 	 64.41
17.82 	 70.80 	 63.60
17.85 	 74.30 	 64.53
17.88 	 71.80 	 60.92
17.90 	 75.30 	 59.52
17.93 	 72.20 	 61.50
17.95 	 75.10 	 60.92
17.98 	 72.20 	 61.73
18.00 	 75.50 	 61.15
18.02 	 72.50 	 61.38
18.05 	 75.10 	 61.61
18.07 	 72.60 	 61.73
18.10 	 75.80 	 62.90
18.12 	 73.00 	 61.96
18.15 	 76.00 	 63.13
18.18 	 73.20 	 61.15
18.20 	 76.50 	 60.33
18.23 	 73.30 	 62.66
18.25 	 76.70 	 61.73
18.27 	 73.40 	 63.25
18.30 	 76.90 	 61.96
18.32 	 73.30 	 62.66
18.35 	 77.00 	 62.43
18.38 	 73.50 	 62.66
18.40 	 77.20 	 63.95
18.43 	 73.30 	 63.13
18.45 	 77.50 	 64.41
18.48 	 73.40 	 62.43
18.50 	 77.80 	 63.01
18.52 	 73.80 	 65.35
18.55 	 78.00 	 63.83
18.57 	 74.00 	 64.76
18.60 	 77.80 	 63.95
18.62 	 74.10 	 64.30
18.65 	 77.90 	 64.06
18.68 	 74.50 	 64.30
18.70 	 78.50 	 65.00
18.73 	 75.70 	 63.13
18.75 	 79.50 	 62.55
18.77 	 76.20 	 59.98
18.80 	 79.60 	 60.45
18.82 	 75.90 	 62.66
18.85 	 79.40 	 61.61
18.88 	 75.80 	 62.78
18.90 	 79.10 	 62.08
18.93 	 77.50 	 62.31
18.95 	 79.10 	 62.43
18.98 	 79.30 	 63.25
19.00 	 79.80 	 63.13
19.02 	 78.30 	 63.01
19.05 	 80.70 	 63.01
19.07 	 78.50 	 62.08
19.10 	 81.80 	 62.31
19.12 	 78.80 	 64.65
19.15 	 82.50 	 63.25
19.18 	 79.00 	 64.06
19.20 	 82.50 	 63.71
19.23 	 79.20 	 63.95
19.25 	 82.50 	 63.83
19.27 	 79.50 	 64.53
19.30 	 82.40 	 65.11
19.32 	 79.70 	 63.83
19.35 	 82.70 	 64.88
19.38 	 79.40 	 63.60
19.40 	 82.20 	 63.83
19.43 	 79.40 	 66.05
19.45 	 82.50 	 64.06
19.48 	 79.80 	 65.23
19.50 	 83.30 	 63.71
19.52 	 81.20 	 62.55
19.55 	 84.10 	 61.26
19.57 	 81.10 	 62.08
19.60 	 84.10 	 62.31
19.62 	 81.30 	 61.26
19.65 	 84.30 	 62.78
19.68 	 80.70 	 61.61
19.70 	 84.10 	 63.01
19.73 	 80.70 	 65.23
19.75 	 84.50 	 63.25
19.77 	 80.60 	 64.41
19.80 	 84.80 	 63.25
19.82 	 81.10 	 63.60
19.85 	 85.00 	 63.71
19.88 	 81.20 	 64.06
19.90 	 85.10 	 64.41
19.93 	 81.20 	 63.83
19.95 	 84.80 	 64.65
19.98 	 84.20 	 63.13
20.00 	 84.00 	 64.53
20.02 	 84.10 	 64.53
20.05 	 84.70 	 64.65
20.07 	 84.90 	 64.30
20.10 	 85.20 	 64.30
20.12 	 85.70 	 65.00
20.15 	 86.00 	 65.11
20.18 	 86.10 	 65.58
20.20 	 87.10 	 65.23
20.23 	 85.40 	 65.00
20.25 	 88.30 	 65.46
20.27 	 86.60 	 64.41
20.30 	 90.50 	 62.78
20.32 	 87.60 	 62.90
20.35 	 88.00 	 62.55
20.38 	 86.90 	 62.20
20.40 	 90.20 	 61.03
20.43 	 86.60 	 62.66
20.45 	 89.30 	 63.13
20.48 	 85.00 	 63.60
20.50 	 88.70 	 64.18
20.52 	 84.00 	 63.13
20.55 	 88.70 	 64.30
20.57 	 84.30 	 63.13
20.60 	 88.30 	 65.23
20.62 	 87.60 	 63.13
20.65 	 87.60 	 63.01
20.68 	 87.30 	 63.48
20.70 	 87.50 	 63.83
20.73 	 88.00 	 64.06
20.75 	 88.20 	 64.53
20.77 	 88.70 	 64.88
20.80 	 88.90 	 64.53
20.82 	 89.10 	 64.41
20.85 	 89.80 	 64.41
20.88 	 90.10 	 64.88
20.90 	 90.60 	 65.35
20.93 	 89.70 	 65.46
20.95 	 91.80 	 64.53
20.98 	 89.50 	 65.35
21.00 	 92.50 	 64.53
21.02 	 89.90 	 65.93
21.05 	 92.40 	 65.81
21.07 	 89.90 	 65.23
21.10 	 93.50 	 65.11
21.12 	 91.20 	 64.65
21.15 	 95.00 	 63.95
21.18 	 91.50 	 61.85
21.20 	 95.40 	 62.90
21.23 	 91.30 	 63.25
21.25 	 94.70 	 61.85
21.27 	 90.90 	 63.36
21.30 	 94.20 	 63.25
21.32 	 90.50 	 65.11
21.35 	 93.60 	 64.30
21.38 	 90.40 	 64.65
21.40 	 93.70 	 64.41
21.43 	 90.70 	 63.95
21.45 	 93.50 	 64.53
21.48 	 92.50 	 63.95
21.50 	 93.10 	 64.76
21.52 	 93.10 	 64.30
21.55 	 93.30 	 63.60
21.57 	 93.20 	 64.41
21.60 	 93.50 	 64.53
21.62 	 93.80 	 65.00
21.65 	 94.10 	 65.11
21.68 	 94.50 	 65.11
21.70 	 94.90 	 64.53
21.73 	 94.90 	 64.65
21.75 	 95.60 	 65.11
21.77 	 93.70 	 65.58
21.80 	 96.70 	 66.51
21.82 	 94.30 	 66.28
21.85 	 96.90 	 64.18
21.88 	 94.00 	 65.81
21.90 	 97.10 	 65.35
21.93 	 93.80 	 66.51
21.95 	 97.40 	 65.35
21.98 	 93.90 	 65.00
22.00 	 98.00 	 65.00
22.02 	 95.10 	 64.76
22.05 	 99.30 	 64.30
22.07 	 95.60 	 62.31
22.10 	 98.90 	 63.36
22.12 	 95.10 	 63.36
22.15 	 98.30 	 61.96
22.18 	 94.50 	 64.88
22.20 	 97.40 	 63.83
22.23 	 96.90 	 63.95
22.25 	 96.60 	 64.41
22.27 	 96.70 	 64.18
22.30 	 96.90 	 64.06
22.32 	 97.70 	 64.41
22.35 	 97.80 	 64.65
22.38 	 98.20 	 64.76
22.40 	 98.20 	 64.88
22.43 	 98.70 	 64.41
22.45 	 99.00 	 64.41
22.48 	 99.20 	 64.76
22.50 	 99.40 	 65.23
22.52 	 99.70 	 65.58
22.55 	 99.20 	 65.35
22.57 	 100.30 	 64.88
22.60 	 98.60 	 65.00
22.62 	 101.20 	 65.23
22.65 	 98.50 	 65.35
22.68 	 101.70 	 66.16
22.70 	 98.50 	 64.88
22.73 	 101.20 	 63.83
22.75 	 98.70 	 65.93
22.77 	 101.10 	 64.65
22.80 	 99.90 	 65.58
22.82 	 100.80 	 65.11
22.85 	 100.70 	 64.53
22.88 	 101.10 	 64.53
22.90 	 101.90 	 64.88
22.93 	 101.90 	 65.58
22.95 	 103.10 	 65.11
22.98 	 101.60 	 63.83
23.00 	 104.40 	 63.95
23.02 	 101.00 	 64.41
23.05 	 103.90 	 63.13
23.07 	 100.30 	 65.23
23.10 	 103.00 	 64.06
23.12 	 101.60 	 64.30
23.15 	 102.20 	 64.18
23.18 	 102.40 	 63.95
23.20 	 102.70 	 64.06
23.23 	 102.60 	 65.11
23.25 	 102.90 	 64.76
23.27 	 103.00 	 65.00
23.30 	 103.40 	 64.76
23.32 	 103.60 	 64.65
23.35 	 103.90 	 64.76
23.38 	 104.00 	 65.81
23.40 	 104.10 	 65.58
23.43 	 104.50 	 65.11
23.45 	 104.60 	 64.76
23.48 	 105.10 	 64.53
23.50 	 104.70 	 64.76
23.52 	 105.80 	 65.23
23.55 	 103.80 	 65.81
23.57 	 106.00 	 65.93
23.60 	 103.90 	 64.76
23.62 	 106.40 	 66.05
23.65 	 103.60 	 66.51
23.68 	 106.60 	 65.35
23.70 	 103.00 	 66.16
23.73 	 106.90 	 64.53
23.75 	 103.60 	 65.58
23.77 	 107.60 	 65.11
23.80 	 103.90 	 64.53
23.82 	 107.70 	 64.41
23.85 	 103.50 	 63.83
23.88 	 106.70 	 64.53
23.90 	 105.40 	 63.48
23.93 	 105.00 	 63.60
23.95 	 105.00 	 64.88
23.98 	 104.80 	 65.11
24.00 	 105.00 	 65.11
24.02 	 105.20 	 64.53
24.05 	 105.80 	 64.53
24.07 	 106.00 	 64.88
24.10 	 106.50 	 65.35
24.12 	 106.70 	 65.58
24.15 	 106.70 	 65.23
24.18 	 107.00 	 65.00
24.20 	 107.10 	 64.88
24.23 	 107.50 	 64.88
24.25 	 107.90 	 65.46
24.27 	 108.30 	 65.46
24.30 	 108.40 	 65.00
24.32 	 108.40 	 65.35
24.35 	 108.80 	 64.76
24.38 	 108.90 	 65.35
24.40 	 109.40 	 65.46
24.43 	 109.60 	 65.81
24.45 	 109.80 	 65.23
24.48 	 110.10 	 65.46
24.50 	 110.10 	 65.11
24.52 	 110.40 	 65.00
24.55 	 110.70 	 65.81
24.57 	 111.30 	 66.05
24.60 	 112.00 	 65.35
24.62 	 110.90 	 65.46
24.65 	 113.20 	 63.83
24.68 	 110.60 	 64.76
24.70 	 113.20 	 65.35
24.73 	 109.80 	 65.58
24.75 	 112.50 	 65.81
24.77 	 110.10 	 64.30
24.80 	 111.50 	 65.11
24.82 	 111.60 	 64.41
24.85 	 111.50 	 65.58
24.88 	 111.40 	 65.23
24.90 	 111.40 	 65.11
24.93 	 111.60 	 64.76
24.95 	 111.80 	 65.11
24.98 	 112.10 	 65.58
25.00 	 112.00 	 65.70
25.02 	 112.10 	 65.46
25.05 	 112.40 	 65.35
25.07 	 112.10 	 64.88
25.10 	 112.90 	 65.11
25.12 	 113.00 	 65.58
25.15 	 113.20 	 65.81
25.18 	 113.40 	 65.23
25.20 	 113.40 	 65.35
25.23 	 113.50 	 65.11
25.25 	 113.80 	 64.88
25.27 	 114.10 	 65.58
25.30 	 114.20 	 65.81
25.32 	 114.40 	 65.81
25.35 	 114.60 	 65.23
25.38 	 114.60 	 65.11
25.40 	 115.10 	 65.00
25.43 	 115.60 	 65.58
25.45 	 116.60 	 65.46
25.48 	 115.80 	 66.05
25.50 	 116.90 	 64.65
25.52 	 115.30 	 65.11
25.55 	 116.50 	 65.11
25.57 	 116.40 	 65.11
25.60 	 115.90 	 65.23
25.62 	 115.80 	 65.23
25.65 	 115.80 	 65.23
25.68 	 116.00 	 64.76
25.70 	 116.20 	 65.35
25.73 	 116.30 	 65.35
25.75 	 116.40 	 65.46
25.77 	 116.60 	 65.35
25.80 	 116.40 	 65.11
25.82 	 116.70 	 65.11
25.85 	 116.80 	 65.23
25.88 	 117.00 	 66.05
25.90 	 117.10 	 66.05
25.93 	 117.00 	 65.58
25.95 	 117.30 	 65.23
25.98 	 117.30 	 65.00
26.00 	 117.60 	 65.35
26.02 	 117.70 	 65.81
26.05 	 117.80 	 65.70
26.07 	 117.80 	 65.00
26.10 	 117.80 	 65.00
26.12 	 117.90 	 65.35
26.15 	 117.90 	 65.81
26.18 	 118.20 	 66.05
26.20 	 118.30 	 66.05
26.23 	 118.40 	 65.35
26.25 	 118.30 	 65.00
26.27 	 119.10 	 65.11
26.30 	 119.60 	 65.46
26.32 	 119.60 	 65.46
26.35 	 119.60 	 65.81
26.38 	 119.50 	 65.11
26.40 	 119.20 	 65.35
26.43 	 119.10 	 65.00
26.45 	 119.10 	 65.70
26.48 	 119.20 	 65.70
26.50 	 119.40 	 65.46
26.52 	 119.70 	 65.35
26.55 	 119.60 	 65.00
26.57 	 119.60 	 65.35
26.60 	 119.80 	 65.81
26.62 	 119.60 	 65.93
26.65 	 119.70 	 66.05
26.68 	 119.70 	 65.23
26.70 	 119.90 	 65.11
26.73 	 119.80 	 65.58
26.75 	 119.80 	 66.05
26.77 	 119.80 	 65.81
26.80 	 119.90 	 65.58
26.82 	 120.10 	 65.23
26.85 	 120.10 	 65.00
26.88 	 120.20 	 65.58
26.90 	 120.30 	 66.05
26.93 	 120.20 	 65.70
26.95 	 120.30 	 65.70
26.98 	 120.30 	 65.11
27.00 	 120.50 	 65.81
27.02 	 120.70 	 65.46
27.05 	 121.00 	 65.93
27.07 	 121.50 	 65.58
27.10 	 121.60 	 65.81
27.12 	 121.80 	 65.35
27.15 	 121.60 	 64.76
27.18 	 121.60 	 65.23
27.20 	 121.40 	 65.81
27.23 	 121.30 	 65.81
27.25 	 121.10 	 65.23
27.27 	 120.70 	 65.00
27.30 	 121.20 	 65.23
27.32 	 121.30 	 65.81
27.35 	 121.40 	 66.05
27.38 	 121.40 	 65.70
27.40 	 121.30 	 65.58
27.43 	 121.40 	 65.11
27.45 	 121.20 	 65.35
27.48 	 121.50 	 65.70
27.50 	 121.50 	 66.05
27.52 	 121.60 	 65.70
27.55 	 121.50 	 65.46
27.57 	 121.50 	 65.00
27.60 	 121.50 	 65.23
27.62 	 121.60 	 65.93
27.65 	 121.50 	 66.05
27.68 	 121.70 	 65.81
27.70 	 121.80 	 65.23
27.73 	 121.80 	 65.35
27.75 	 121.70 	 65.46
27.77 	 121.90 	 65.58
27.80 	 121.70 	 66.05
27.82 	 122.00 	 65.46
27.85 	 122.20 	 65.23
27.88 	 122.50 	 65.58
27.90 	 123.00 	 65.58
27.93 	 122.80 	 65.70
27.95 	 122.70 	 65.81
27.98 	 122.60 	 65.58
28.00 	 122.50 	 65.58
28.02 	 122.20 	 65.35
28.05 	 122.30 	 66.05
28.07 	 122.30 	 65.70
28.10 	 122.30 	 66.05
28.12 	 122.40 	 65.81
28.15 	 122.40 	 65.35
28.18 	 122.50 	 65.11
28.20 	 122.70 	 65.70
28.23 	 122.60 	 66.05
28.25 	 122.80 	 65.81
28.27 	 122.80 	 65.23
28.30 	 123.00 	 65.11
28.32 	 123.20 	 65.11
28.35 	 123.30 	 65.23
28.38 	 123.40 	 66.28
28.40 	 123.40 	 66.05
28.43 	 123.50 	 65.46
28.45 	 123.70 	 65.23
28.48 	 124.10 	 65.35
28.50 	 124.30 	 65.93
28.52 	 124.60 	 66.28
28.55 	 124.90 	 65.58
28.57 	 125.10 	 65.23
28.60 	 125.50 	 65.35
28.62 	 126.00 	 65.00
28.65 	 126.60 	 66.05
28.68 	 126.80 	 66.28
28.70 	 127.70 	 65.70
28.73 	 128.70 	 65.46
28.75 	 129.60 	 65.11
28.77 	 130.20 	 65.35
28.80 	 130.60 	 66.16
28.82 	 131.10 	 65.70
28.85 	 131.50 	 65.81
28.88 	 132.10 	 65.23
28.90 	 132.30 	 65.23
28.93 	 132.90 	 65.46
28.95 	 134.00 	 66.05
28.98 	 134.50 	 66.05
29.00 	 135.40 	 65.46
29.02 	 136.30 	 65.23
29.05 	 136.90 	 65.23
29.07 	 136.50 	 65.23
29.10 	 138.00 	 66.05
29.12 	 136.80 	 66.63
29.15 	 139.30 	 65.35
29.18 	 136.90 	 65.70
29.20 	 140.30 	 65.00
29.23 	 137.60 	 66.05
29.25 	 140.60 	 66.28
29.27 	 138.30 	 65.70
29.30 	 139.80 	 66.16
29.32 	 138.60 	 66.05
29.35 	 140.70 	 66.16
29.38 	 138.10 	 66.86
29.40 	 142.10 	 65.35
29.43 	 138.90 	 66.40
29.45 	 141.10 	 64.76
29.48 	 138.60 	 65.81
29.50 	 141.80 	 65.35
29.52 	 138.10 	 65.70
29.55 	 142.00 	 66.51
29.57 	 138.00 	 65.23
29.60 	 141.40 	 66.51
29.62 	 138.40 	 64.30
29.65 	 141.10 	 64.88
29.68 	 139.10 	 66.86
29.70 	 142.00 	 65.23
29.73 	 138.90 	 66.16
29.75 	 141.50 	 65.00
29.77 	 138.80 	 65.58
29.80 	 142.10 	 65.81
29.82 	 138.80 	 65.70
29.85 	 142.10 	 66.40
29.88 	 138.40 	 65.23
29.90 	 142.00 	 66.40
29.93 	 139.30 	 65.70
29.95 	 141.60 	 65.11
29.98 	 140.90 	 65.58
30.00 	 141.30 	 65.46
30.02 	 141.50 	 65.58
30.05 	 141.80 	 65.58
30.07 	 141.80 	 65.46
30.10 	 142.20 	 65.46
30.12 	 142.50 	 65.81
30.15 	 142.20 	 66.05
30.18 	 143.20 	 65.58
30.20 	 143.50 	 65.00
30.23 	 143.30 	 65.81
30.25 	 143.70 	 66.05
30.27 	 143.50 	 66.51
30.30 	 144.30 	 66.05
30.32 	 143.30 	 66.28
30.35 	 144.60 	 65.58
30.38 	 143.10 	 65.46
30.40 	 144.80 	 65.70
30.43 	 143.10 	 66.05
30.45 	 144.70 	 66.16
30.48 	 144.40 	 65.35
30.50 	 144.50 	 65.23
30.52 	 144.60 	 65.23
30.55 	 144.40 	 66.05
30.57 	 144.60 	 66.28
30.60 	 144.50 	 65.70
30.62 	 145.10 	 65.58
30.65 	 145.00 	 65.58
30.68 	 145.30 	 65.23
30.70 	 145.10 	 66.16
30.73 	 145.30 	 66.16
30.75 	 145.50 	 65.46
30.77 	 145.40 	 65.35
30.80 	 145.80 	 65.35
30.82 	 145.70 	 65.70
30.85 	 145.60 	 66.28
30.88 	 145.80 	 66.28
30.90 	 145.80 	 65.46
30.93 	 145.90 	 65.58
30.95 	 145.70 	 65.11
30.98 	 145.80 	 65.58
31.00 	 145.90 	 66.28
31.02 	 145.80 	 65.81
31.05 	 145.80 	 65.46
31.07 	 145.60 	 65.23
31.10 	 145.70 	 65.35
31.12 	 145.50 	 65.81
31.15 	 145.70 	 66.16
31.18 	 145.60 	 65.70
31.20 	 145.60 	 65.81
31.23 	 145.40 	 65.35
31.25 	 145.50 	 65.23
31.27 	 145.50 	 65.81
31.30 	 145.20 	 66.05
31.32 	 145.30 	 65.70
31.35 	 145.10 	 65.58
31.38 	 145.20 	 65.23
31.40 	 144.80 	 65.46
31.43 	 144.80 	 65.93
31.45 	 144.90 	 65.93
31.48 	 144.80 	 66.05
31.50 	 145.20 	 65.35
31.52 	 145.10 	 65.23
31.55 	 144.80 	 66.16
31.57 	 144.70 	 66.51
31.60 	 144.40 	 65.70
31.62 	 144.60 	 65.58
31.65 	 144.60 	 65.58
31.68 	 144.40 	 65.00
31.70 	 144.30 	 65.46
31.73 	 144.20 	 66.40
31.75 	 144.10 	 65.70
31.77 	 143.90 	 65.46
31.80 	 144.00 	 65.35
31.82 	 144.10 	 65.23
31.85 	 143.80 	 65.93
31.88 	 143.90 	 66.28
31.90 	 143.80 	 66.05
31.93 	 143.80 	 65.35
31.95 	 143.70 	 65.35
31.98 	 143.60 	 65.35
32.00 	 143.60 	 65.46
32.02 	 143.70 	 65.93
32.05 	 143.50 	 65.81
32.08 	 143.30 	 65.35
32.10 	 143.10 	 65.00
32.12 	 143.00 	 65.23
32.15 	 143.10 	 66.05
32.17 	 142.90 	 65.93
32.20 	 142.90 	 65.46
32.23 	 142.80 	 65.58
32.25 	 142.60 	 65.35
32.27 	 142.50 	 65.58
32.30 	 142.30 	 65.81
32.33 	 142.30 	 66.05
32.35 	 142.20 	 65.23
32.38 	 142.20 	 65.00
32.40 	 142.00 	 65.23
32.42 	 141.80 	 65.70
32.45 	 141.80 	 66.05
32.48 	 141.60 	 66.05
32.50 	 141.60 	 65.58
32.52 	 141.30 	 65.00
32.55 	 141.20 	 65.35
32.58 	 141.40 	 65.58
32.60 	 141.00 	 66.28
32.62 	 140.80 	 65.58
32.65 	 140.80 	 65.23
32.67 	 140.70 	 65.00
32.70 	 140.50 	 65.23
32.73 	 140.80 	 65.70
