time [ms]	Pressure [Hgmm]	illuminance [lux]
0.00 	 0.30 	 58.82
0.03 	 0.10 	 58.35
0.05 	 0.40 	 58.00
0.07 	 0.10 	 57.65
0.10 	 0.60 	 57.65
0.12 	 0.10 	 58.00
0.15 	 0.40 	 58.58
0.17 	 0.30 	 58.35
0.20 	 -0.10 	 58.12
0.23 	 0.30 	 58.12
0.25 	 0.30 	 57.77
0.28 	 0.50 	 58.23
0.30 	 0.40 	 58.58
0.33 	 0.40 	 58.58
0.35 	 0.50 	 57.88
0.38 	 0.20 	 57.42
0.40 	 0.60 	 57.88
0.42 	 0.50 	 58.00
0.45 	 0.50 	 58.00
0.47 	 0.30 	 58.12
0.50 	 0.20 	 57.77
0.53 	 0.10 	 57.30
0.55 	 0.60 	 57.65
0.57 	 0.30 	 57.77
0.60 	 0.30 	 58.35
0.62 	 0.40 	 58.35
0.65 	 0.20 	 57.53
0.68 	 0.40 	 57.53
0.70 	 0.30 	 58.58
0.72 	 0.20 	 58.00
0.75 	 -0.10 	 58.82
0.78 	 0.10 	 58.12
0.80 	 -0.20 	 57.88
0.82 	 0.10 	 57.77
0.85 	 0.90 	 57.88
0.88 	 -0.20 	 58.58
0.90 	 -0.10 	 58.58
0.93 	 -0.10 	 58.23
0.95 	 0.10 	 57.65
0.97 	 0.30 	 57.77
1.00 	 0.20 	 57.77
1.02 	 0.40 	 59.05
1.05 	 0.10 	 58.58
1.07 	 0.10 	 58.35
1.10 	 0.20 	 58.00
1.12 	 0.30 	 57.30
1.15 	 0.20 	 57.88
1.18 	 0.20 	 58.23
1.20 	 0.30 	 58.35
1.23 	 0.30 	 57.77
1.25 	 0.70 	 57.88
1.27 	 0.30 	 57.65
1.30 	 0.20 	 58.12
1.32 	 0.20 	 58.58
1.35 	 -0.10 	 58.58
1.38 	 0.40 	 57.77
1.40 	 -0.10 	 57.88
1.43 	 0.20 	 57.88
1.45 	 0.60 	 58.00
1.48 	 0.30 	 58.23
1.50 	 0.30 	 58.23
1.52 	 0.00 	 58.12
1.55 	 0.30 	 58.35
1.57 	 0.10 	 58.00
1.60 	 -0.10 	 58.12
1.62 	 0.10 	 58.47
1.65 	 0.50 	 58.47
1.68 	 0.10 	 58.00
1.70 	 0.10 	 57.77
1.73 	 0.10 	 57.88
1.75 	 0.10 	 58.00
1.77 	 0.10 	 58.47
1.80 	 0.20 	 58.58
1.82 	 0.40 	 58.00
1.85 	 0.20 	 57.65
1.88 	 0.20 	 57.65
1.90 	 0.30 	 58.35
1.93 	 0.60 	 58.00
1.95 	 -0.00 	 58.35
1.98 	 -0.10 	 57.77
2.00 	 -0.10 	 57.65
2.02 	 0.20 	 57.65
2.05 	 0.20 	 58.35
2.08 	 0.20 	 58.00
2.10 	 0.30 	 58.00
2.12 	 0.50 	 57.88
2.15 	 0.40 	 57.53
2.17 	 0.20 	 57.53
2.20 	 0.10 	 58.35
2.23 	 0.60 	 58.82
2.25 	 0.10 	 58.00
2.27 	 0.00 	 57.65
2.30 	 0.10 	 57.53
2.33 	 0.00 	 57.53
2.35 	 0.40 	 58.35
2.38 	 0.10 	 58.58
2.40 	 -0.20 	 58.58
2.42 	 0.00 	 58.35
2.45 	 0.10 	 57.88
2.48 	 0.10 	 57.77
2.50 	 0.20 	 58.00
2.52 	 0.20 	 58.00
2.55 	 0.20 	 57.88
2.58 	 0.20 	 57.53
2.60 	 0.50 	 57.30
2.62 	 0.30 	 57.30
2.65 	 0.20 	 58.12
2.67 	 0.20 	 58.00
2.70 	 0.30 	 58.23
2.73 	 0.30 	 57.77
2.75 	 0.30 	 57.65
2.77 	 0.40 	 57.30
2.80 	 0.50 	 58.12
2.83 	 0.20 	 58.23
2.85 	 0.20 	 58.00
2.88 	 0.30 	 57.53
2.90 	 0.50 	 57.30
2.92 	 0.10 	 57.53
2.95 	 0.10 	 58.58
2.98 	 0.10 	 58.47
3.00 	 0.10 	 58.58
3.02 	 0.10 	 57.88
3.05 	 0.10 	 57.88
3.08 	 0.00 	 57.77
3.10 	 -0.10 	 59.05
3.12 	 0.30 	 58.58
3.15 	 -0.10 	 58.35
3.17 	 0.10 	 57.30
3.20 	 0.00 	 57.07
3.23 	 0.20 	 57.65
3.25 	 0.20 	 58.00
3.27 	 -0.10 	 58.12
3.30 	 -0.10 	 57.77
3.33 	 0.20 	 57.77
3.35 	 0.20 	 57.88
3.38 	 0.20 	 57.88
3.40 	 0.50 	 58.47
3.42 	 0.20 	 58.23
3.45 	 0.90 	 57.77
3.48 	 0.20 	 57.88
3.50 	 0.20 	 57.88
3.52 	 0.20 	 58.35
3.55 	 0.20 	 58.23
3.58 	 0.30 	 58.47
3.60 	 0.20 	 58.35
3.62 	 0.10 	 58.12
3.65 	 0.10 	 58.12
3.67 	 0.10 	 58.12
3.70 	 0.20 	 58.47
3.73 	 0.30 	 58.70
3.75 	 0.50 	 58.35
3.77 	 0.20 	 57.77
3.80 	 -0.20 	 57.77
3.83 	 0.10 	 58.12
3.85 	 0.10 	 58.58
3.88 	 0.50 	 58.35
3.90 	 0.10 	 58.12
3.92 	 0.40 	 58.12
3.95 	 0.50 	 57.88
3.98 	 0.20 	 58.00
4.00 	 -0.10 	 58.58
4.03 	 0.30 	 58.23
4.05 	 0.50 	 58.00
4.08 	 0.30 	 57.77
4.10 	 0.20 	 58.12
4.12 	 0.40 	 58.47
4.15 	 0.50 	 58.82
4.17 	 0.30 	 58.47
4.20 	 0.40 	 58.58
4.22 	 0.30 	 58.23
4.25 	 0.60 	 58.12
4.28 	 0.40 	 58.23
4.30 	 0.40 	 58.93
4.33 	 0.10 	 58.58
4.35 	 0.10 	 58.00
4.38 	 0.20 	 58.00
4.40 	 0.40 	 58.00
4.42 	 0.30 	 58.82
4.45 	 0.20 	 59.05
4.47 	 0.30 	 58.70
4.50 	 0.10 	 58.12
4.53 	 0.10 	 57.77
4.55 	 0.20 	 58.12
4.58 	 0.10 	 58.58
4.60 	 0.30 	 58.47
4.62 	 0.20 	 58.82
4.65 	 0.20 	 58.00
4.67 	 0.20 	 58.12
4.70 	 0.30 	 58.35
4.72 	 0.20 	 59.05
4.75 	 0.20 	 58.93
4.78 	 0.50 	 58.47
4.80 	 0.30 	 58.12
4.83 	 -0.10 	 58.12
4.85 	 0.20 	 58.58
4.88 	 0.20 	 58.93
4.90 	 0.50 	 59.28
4.92 	 0.60 	 58.82
4.95 	 0.30 	 58.12
4.97 	 0.30 	 58.58
5.00 	 0.10 	 58.58
5.03 	 0.10 	 58.82
5.05 	 0.10 	 59.28
5.08 	 0.20 	 58.23
5.10 	 0.20 	 58.00
5.12 	 1.70 	 57.65
5.15 	 0.20 	 57.53
5.17 	 3.20 	 58.00
5.20 	 0.10 	 58.12
5.22 	 4.40 	 58.58
5.25 	 0.00 	 58.23
5.28 	 4.30 	 56.37
5.30 	 0.50 	 58.47
5.33 	 4.60 	 57.30
5.35 	 0.50 	 58.58
5.38 	 4.60 	 57.30
5.40 	 0.80 	 57.53
5.42 	 4.70 	 57.30
5.45 	 1.20 	 57.30
5.47 	 4.90 	 58.58
5.50 	 1.50 	 57.88
5.53 	 4.80 	 58.47
5.55 	 1.90 	 58.82
5.58 	 4.10 	 57.65
5.60 	 2.10 	 59.28
5.62 	 4.80 	 58.23
5.65 	 2.40 	 59.05
5.67 	 4.60 	 58.00
5.70 	 2.70 	 57.77
5.72 	 4.20 	 58.35
5.75 	 2.50 	 58.23
5.78 	 6.90 	 58.58
5.80 	 3.10 	 57.88
5.83 	 4.40 	 58.70
5.85 	 2.90 	 58.12
5.88 	 7.30 	 56.84
5.90 	 3.40 	 58.93
5.92 	 6.00 	 58.82
5.95 	 3.60 	 59.05
5.97 	 6.30 	 58.00
6.00 	 3.80 	 58.47
6.03 	 6.40 	 58.00
6.05 	 3.90 	 58.23
6.08 	 8.20 	 59.05
6.10 	 4.20 	 58.00
6.12 	 6.90 	 59.17
6.15 	 4.70 	 57.77
6.17 	 6.10 	 58.23
6.20 	 4.70 	 59.40
6.22 	 6.80 	 58.93
6.25 	 4.60 	 59.17
6.28 	 9.00 	 58.00
6.30 	 5.00 	 58.58
6.33 	 8.60 	 58.47
6.35 	 5.00 	 58.70
6.38 	 9.30 	 59.75
6.40 	 5.30 	 58.93
6.42 	 9.10 	 59.52
6.45 	 5.70 	 57.53
6.47 	 8.50 	 58.82
6.50 	 6.10 	 60.45
6.53 	 8.40 	 59.63
6.55 	 6.40 	 59.98
6.58 	 8.00 	 59.28
6.60 	 6.30 	 59.17
6.62 	 9.80 	 59.05
6.65 	 7.00 	 59.52
6.67 	 6.90 	 60.45
6.70 	 8.90 	 60.10
6.72 	 6.90 	 59.17
6.75 	 9.80 	 59.75
6.78 	 6.70 	 60.10
6.80 	 10.90 	 58.58
6.83 	 6.70 	 60.45
6.85 	 10.70 	 58.58
6.88 	 7.40 	 59.17
6.90 	 11.30 	 58.47
6.92 	 7.60 	 59.52
6.95 	 11.70 	 59.75
6.97 	 8.20 	 59.75
7.00 	 10.00 	 60.33
7.03 	 8.90 	 59.87
7.05 	 8.80 	 59.98
7.08 	 8.20 	 60.10
7.10 	 12.60 	 58.70
7.12 	 8.40 	 60.92
7.15 	 13.20 	 59.17
7.17 	 9.10 	 59.98
7.20 	 8.90 	 60.10
7.22 	 11.80 	 59.87
7.25 	 9.40 	 60.33
7.28 	 11.30 	 61.03
7.30 	 9.60 	 60.45
7.33 	 11.20 	 60.68
7.35 	 9.40 	 59.87
7.38 	 13.70 	 60.57
7.40 	 9.20 	 61.85
7.42 	 13.50 	 59.28
7.45 	 9.40 	 60.68
7.47 	 13.80 	 58.93
7.50 	 10.10 	 59.98
7.53 	 13.00 	 59.87
7.55 	 10.60 	 60.68
7.58 	 12.30 	 61.15
7.60 	 10.60 	 60.80
7.62 	 13.50 	 60.45
7.65 	 11.00 	 59.63
7.67 	 13.10 	 60.80
7.70 	 11.30 	 61.73
7.72 	 13.10 	 60.57
7.75 	 11.10 	 60.80
7.78 	 15.10 	 59.52
7.80 	 10.80 	 60.68
7.83 	 14.90 	 60.22
7.85 	 11.10 	 61.03
7.88 	 15.30 	 60.80
7.90 	 11.70 	 60.68
7.92 	 16.20 	 60.92
7.95 	 12.30 	 60.22
7.97 	 14.60 	 61.61
8.00 	 12.90 	 61.38
8.03 	 13.00 	 62.08
8.05 	 12.80 	 62.08
8.07 	 14.30 	 60.92
8.10 	 12.70 	 61.15
8.12 	 16.40 	 60.80
8.15 	 12.90 	 61.50
8.18 	 16.80 	 61.61
8.20 	 12.90 	 60.92
8.22 	 17.30 	 60.80
8.25 	 13.20 	 60.10
8.28 	 17.00 	 61.85
8.30 	 13.70 	 60.68
8.32 	 15.90 	 60.80
8.35 	 14.20 	 61.85
8.38 	 14.50 	 61.61
8.40 	 14.40 	 61.73
8.43 	 14.30 	 62.43
8.45 	 16.50 	 61.73
8.47 	 13.70 	 61.85
8.50 	 17.70 	 61.38
8.53 	 13.50 	 60.57
8.55 	 17.40 	 61.26
8.57 	 14.10 	 60.57
8.60 	 18.40 	 63.01
8.62 	 14.70 	 62.78
8.65 	 18.40 	 60.22
8.68 	 15.30 	 61.85
8.70 	 17.70 	 61.26
8.72 	 15.80 	 62.55
8.75 	 16.00 	 63.01
8.78 	 15.90 	 62.55
8.80 	 17.40 	 61.85
8.82 	 15.80 	 61.85
8.85 	 19.20 	 61.50
8.88 	 15.30 	 61.26
8.90 	 19.30 	 63.01
8.93 	 15.70 	 62.31
8.95 	 20.20 	 60.22
8.97 	 16.20 	 61.85
9.00 	 20.20 	 60.68
9.03 	 17.00 	 61.96
9.05 	 18.10 	 61.96
9.07 	 17.40 	 62.31
9.10 	 17.40 	 61.85
9.12 	 17.40 	 61.85
9.15 	 18.90 	 61.85
9.18 	 17.30 	 61.85
9.20 	 20.40 	 62.20
9.22 	 17.00 	 60.68
9.25 	 21.00 	 59.87
9.28 	 16.80 	 61.73
9.30 	 21.00 	 60.33
9.32 	 17.60 	 61.96
9.35 	 21.60 	 61.03
9.38 	 17.80 	 61.50
9.40 	 22.10 	 61.03
9.43 	 18.60 	 60.57
9.45 	 20.60 	 61.85
9.47 	 19.40 	 62.31
9.50 	 19.30 	 63.01
9.53 	 19.20 	 62.78
9.55 	 18.90 	 61.96
9.57 	 23.00 	 60.33
9.60 	 18.90 	 62.31
9.62 	 23.50 	 61.38
9.65 	 19.60 	 62.31
9.68 	 21.40 	 61.61
9.70 	 19.40 	 61.26
9.72 	 23.50 	 60.80
9.75 	 20.40 	 60.57
9.78 	 20.40 	 62.20
9.80 	 20.10 	 62.43
9.82 	 22.80 	 62.20
9.85 	 19.70 	 61.73
9.88 	 23.70 	 59.87
9.90 	 19.40 	 61.96
9.93 	 23.80 	 61.15
9.95 	 20.70 	 62.08
9.97 	 23.30 	 61.03
10.00 	 20.50 	 61.26
10.03 	 24.60 	 60.80
10.05 	 21.40 	 60.57
10.07 	 22.70 	 61.73
10.10 	 21.40 	 62.08
10.12 	 23.70 	 62.31
10.15 	 21.90 	 61.73
10.18 	 22.10 	 62.08
10.20 	 21.30 	 62.43
10.22 	 25.60 	 61.38
10.25 	 21.50 	 61.73
10.28 	 25.70 	 60.57
10.30 	 21.40 	 60.80
10.32 	 25.70 	 60.92
10.35 	 22.30 	 61.03
10.38 	 25.40 	 62.31
10.40 	 22.90 	 61.85
10.43 	 24.40 	 62.08
10.45 	 23.30 	 61.15
10.47 	 23.10 	 62.08
10.50 	 25.00 	 61.26
10.53 	 23.10 	 62.20
10.55 	 26.10 	 61.03
10.57 	 23.40 	 61.26
10.60 	 26.30 	 60.57
10.62 	 23.40 	 61.15
10.65 	 27.50 	 61.26
10.68 	 23.00 	 61.03
10.70 	 27.30 	 61.85
10.72 	 23.00 	 60.45
10.75 	 27.20 	 61.50
10.78 	 23.90 	 61.73
10.80 	 28.10 	 60.33
10.82 	 24.60 	 62.31
10.85 	 26.60 	 61.50
10.88 	 25.00 	 61.61
10.90 	 24.60 	 61.85
10.93 	 28.80 	 60.92
10.95 	 25.50 	 61.26
10.97 	 25.60 	 62.43
11.00 	 25.70 	 62.31
11.03 	 25.40 	 61.73
11.05 	 27.50 	 61.61
11.07 	 25.10 	 62.08
11.10 	 29.00 	 60.45
11.12 	 24.90 	 61.73
11.15 	 29.00 	 60.33
11.18 	 25.00 	 61.03
11.20 	 29.50 	 59.98
11.22 	 25.70 	 60.57
11.25 	 29.70 	 61.38
11.28 	 26.60 	 61.15
11.30 	 28.10 	 61.85
11.32 	 27.20 	 61.38
11.35 	 27.30 	 61.38
11.38 	 27.50 	 62.08
11.40 	 27.10 	 61.96
11.43 	 29.40 	 60.80
11.45 	 26.90 	 61.26
11.47 	 31.00 	 59.63
11.50 	 26.60 	 60.33
11.53 	 30.50 	 60.68
11.55 	 26.40 	 60.80
11.57 	 31.00 	 61.61
11.60 	 27.50 	 60.45
11.62 	 31.20 	 61.26
11.65 	 27.80 	 60.22
11.68 	 32.10 	 59.87
11.70 	 28.70 	 62.55
11.72 	 29.40 	 62.31
11.75 	 29.50 	 61.85
11.78 	 29.20 	 61.26
11.80 	 29.00 	 61.03
11.82 	 29.00 	 61.26
11.85 	 30.20 	 61.26
11.88 	 28.80 	 61.50
11.90 	 32.60 	 61.03
11.93 	 28.60 	 59.98
11.95 	 33.00 	 60.68
11.97 	 29.50 	 59.75
12.00 	 31.20 	 61.38
12.03 	 29.50 	 61.85
12.05 	 34.00 	 60.22
12.07 	 30.10 	 60.80
12.10 	 31.50 	 60.68
12.12 	 30.00 	 61.15
12.15 	 33.00 	 61.03
12.18 	 30.30 	 61.15
12.20 	 33.00 	 61.03
12.22 	 30.50 	 60.57
12.25 	 32.80 	 61.15
12.28 	 30.20 	 60.33
12.30 	 34.10 	 59.87
12.32 	 30.10 	 61.85
12.35 	 34.30 	 59.40
12.38 	 31.00 	 61.38
12.40 	 34.40 	 60.57
12.43 	 31.20 	 61.26
12.45 	 34.90 	 61.50
12.47 	 31.80 	 61.15
12.50 	 31.90 	 61.38
12.53 	 32.10 	 61.15
12.55 	 32.00 	 60.57
12.57 	 33.60 	 61.38
12.60 	 31.70 	 61.85
12.62 	 35.70 	 59.52
12.65 	 31.60 	 60.80
12.68 	 35.70 	 59.17
12.70 	 31.70 	 60.68
12.72 	 35.60 	 60.68
12.75 	 31.60 	 60.57
12.78 	 35.70 	 61.15
12.80 	 32.40 	 60.10
12.82 	 36.30 	 60.33
12.85 	 33.10 	 59.28
12.88 	 36.10 	 61.61
12.90 	 33.60 	 61.85
12.93 	 35.50 	 60.57
12.95 	 34.20 	 61.15
12.97 	 34.00 	 60.80
13.00 	 33.60 	 61.26
13.03 	 37.80 	 60.33
13.05 	 33.60 	 60.92
13.07 	 37.90 	 60.57
13.10 	 34.60 	 60.22
13.12 	 34.40 	 61.03
13.15 	 36.60 	 61.15
13.18 	 34.20 	 60.68
13.20 	 37.90 	 60.22
13.22 	 34.70 	 61.61
13.25 	 37.80 	 59.75
13.28 	 34.70 	 60.68
13.30 	 38.40 	 59.75
13.32 	 35.30 	 60.92
13.35 	 38.10 	 60.80
13.38 	 35.60 	 60.68
13.40 	 37.10 	 60.80
13.43 	 35.80 	 60.10
13.45 	 37.50 	 61.15
13.47 	 35.70 	 61.15
13.50 	 39.00 	 61.50
13.53 	 35.60 	 61.38
13.55 	 39.50 	 58.93
13.57 	 35.50 	 60.33
13.60 	 39.40 	 59.63
13.62 	 36.50 	 61.15
13.65 	 38.90 	 61.15
13.68 	 36.00 	 60.68
13.70 	 41.00 	 59.87
13.72 	 37.10 	 59.75
13.75 	 38.50 	 61.03
13.78 	 37.80 	 61.15
13.80 	 37.80 	 61.85
13.82 	 37.70 	 61.38
13.85 	 37.40 	 60.80
13.88 	 40.40 	 59.40
13.90 	 37.10 	 61.38
13.93 	 41.00 	 60.33
13.95 	 36.70 	 60.57
13.97 	 40.30 	 60.10
14.00 	 37.10 	 59.75
14.03 	 41.20 	 60.33
14.05 	 37.40 	 59.75
14.07 	 41.40 	 61.15
14.10 	 38.50 	 59.63
14.12 	 40.80 	 59.98
14.15 	 39.10 	 60.68
14.18 	 39.40 	 60.92
14.20 	 38.90 	 61.15
14.22 	 41.70 	 60.92
14.25 	 38.70 	 60.80
14.28 	 42.20 	 59.98
14.30 	 39.20 	 59.98
14.32 	 43.40 	 59.98
14.35 	 39.40 	 59.75
14.38 	 43.20 	 61.15
14.40 	 40.20 	 59.87
14.43 	 40.00 	 60.92
14.45 	 42.10 	 59.40
14.47 	 40.50 	 60.68
14.50 	 40.60 	 61.03
14.53 	 40.40 	 61.50
14.55 	 42.40 	 60.33
14.57 	 40.00 	 60.45
14.60 	 43.80 	 59.63
14.62 	 39.80 	 59.52
14.65 	 43.40 	 60.33
14.68 	 39.90 	 59.98
14.70 	 44.20 	 61.26
14.72 	 40.50 	 60.80
14.75 	 44.50 	 58.70
14.78 	 41.60 	 60.68
14.80 	 42.60 	 60.80
14.82 	 41.80 	 61.38
14.85 	 43.60 	 61.15
14.88 	 42.00 	 60.45
14.90 	 43.80 	 60.10
14.93 	 41.50 	 60.22
14.95 	 45.40 	 60.10
14.97 	 41.30 	 59.63
15.00 	 44.80 	 60.80
15.03 	 41.80 	 59.05
15.05 	 45.90 	 58.00
15.07 	 41.90 	 60.68
15.10 	 46.00 	 60.22
15.12 	 42.80 	 60.92
15.15 	 46.20 	 59.87
15.18 	 43.80 	 60.22
15.20 	 43.70 	 60.10
15.22 	 43.70 	 60.33
15.25 	 43.70 	 60.80
15.28 	 43.70 	 61.38
15.30 	 45.70 	 60.57
15.32 	 43.20 	 59.63
15.35 	 47.10 	 58.82
15.38 	 43.00 	 60.68
15.40 	 46.80 	 59.40
15.43 	 42.80 	 60.57
15.45 	 46.20 	 59.17
15.47 	 42.50 	 59.87
15.50 	 47.00 	 59.40
15.53 	 43.50 	 59.52
15.55 	 47.00 	 60.68
15.57 	 44.10 	 59.87
15.60 	 48.00 	 60.57
15.62 	 44.40 	 59.28
15.65 	 48.80 	 58.47
15.68 	 45.20 	 61.15
15.70 	 48.40 	 59.87
15.72 	 46.10 	 60.80
15.75 	 46.00 	 60.57
15.78 	 46.40 	 60.22
15.80 	 46.40 	 59.75
15.82 	 46.10 	 60.45
15.85 	 47.70 	 60.10
15.88 	 45.50 	 59.87
15.90 	 49.40 	 59.98
15.93 	 45.20 	 58.35
15.95 	 49.20 	 57.77
15.97 	 45.10 	 60.45
16.00 	 48.70 	 59.05
16.02 	 45.00 	 60.10
16.05 	 49.30 	 59.05
16.07 	 45.70 	 58.93
16.10 	 49.30 	 59.05
16.12 	 46.60 	 58.93
16.15 	 50.10 	 60.10
16.18 	 47.30 	 59.52
16.20 	 50.20 	 59.63
16.23 	 47.90 	 58.93
16.25 	 48.40 	 59.98
16.27 	 48.20 	 60.45
16.30 	 47.90 	 60.68
16.32 	 50.90 	 59.17
16.35 	 47.80 	 59.63
16.38 	 52.00 	 58.47
16.40 	 47.90 	 59.17
16.43 	 51.90 	 59.28
16.45 	 47.80 	 59.17
16.48 	 51.60 	 60.22
16.50 	 48.90 	 58.82
16.52 	 50.70 	 59.75
16.55 	 48.50 	 58.82
16.57 	 52.80 	 58.23
16.60 	 49.30 	 60.22
16.62 	 51.30 	 58.70
16.65 	 49.30 	 59.28
16.68 	 53.70 	 58.00
16.70 	 49.80 	 58.70
16.73 	 51.40 	 59.40
16.75 	 50.30 	 59.75
16.77 	 50.30 	 59.87
16.80 	 50.10 	 59.63
16.82 	 52.30 	 58.93
16.85 	 49.50 	 58.00
16.88 	 53.40 	 58.12
16.90 	 49.10 	 59.98
16.93 	 52.70 	 58.47
16.95 	 49.50 	 58.93
16.98 	 53.60 	 58.12
17.00 	 49.90 	 58.70
17.02 	 54.00 	 58.70
17.05 	 50.40 	 58.93
17.07 	 54.20 	 59.52
17.10 	 51.50 	 58.47
17.12 	 52.80 	 59.28
17.15 	 52.10 	 58.93
17.18 	 52.10 	 59.98
17.20 	 51.90 	 59.98
17.23 	 54.10 	 58.58
17.25 	 51.30 	 59.28
17.27 	 55.20 	 57.30
17.30 	 50.80 	 58.23
17.32 	 54.40 	 58.82
17.35 	 50.80 	 58.70
17.38 	 55.20 	 58.58
17.40 	 51.60 	 57.88
17.43 	 54.90 	 58.70
17.45 	 52.00 	 57.42
17.48 	 55.80 	 57.65
17.50 	 52.30 	 59.40
17.52 	 56.60 	 57.65
17.55 	 53.10 	 58.47
17.57 	 56.90 	 57.53
17.60 	 53.80 	 58.35
17.62 	 54.80 	 59.28
17.65 	 54.50 	 58.93
17.68 	 54.50 	 59.52
17.70 	 54.30 	 59.05
17.73 	 54.00 	 58.58
17.75 	 56.70 	 58.47
17.77 	 53.10 	 59.40
17.80 	 56.90 	 57.65
17.82 	 52.80 	 58.70
17.85 	 56.70 	 57.07
17.88 	 53.40 	 58.58
17.90 	 57.30 	 57.65
17.93 	 53.90 	 58.58
17.95 	 58.30 	 58.35
17.98 	 54.50 	 58.12
18.00 	 58.50 	 57.77
18.02 	 55.30 	 56.84
18.05 	 57.70 	 58.23
18.07 	 56.20 	 59.28
18.10 	 56.10 	 58.70
18.12 	 55.40 	 58.47
18.15 	 59.10 	 56.72
18.18 	 55.70 	 58.00
18.20 	 59.70 	 57.19
18.23 	 55.60 	 58.47
18.25 	 59.10 	 58.12
18.27 	 56.00 	 57.65
18.30 	 60.20 	 57.88
18.32 	 56.30 	 56.60
18.35 	 60.10 	 58.58
18.38 	 57.10 	 57.30
18.40 	 57.80 	 58.35
18.43 	 57.20 	 58.00
18.45 	 59.20 	 57.88
18.48 	 56.90 	 58.12
18.50 	 61.10 	 57.30
18.52 	 56.80 	 58.00
18.55 	 60.40 	 57.77
18.57 	 56.30 	 57.07
18.60 	 59.90 	 57.53
18.62 	 56.80 	 56.60
18.65 	 60.70 	 58.00
18.68 	 56.60 	 56.37
18.70 	 60.80 	 56.60
18.73 	 57.50 	 58.00
18.75 	 61.10 	 56.49
18.77 	 58.20 	 57.53
18.80 	 61.60 	 57.65
18.82 	 59.10 	 58.12
18.85 	 59.00 	 58.70
18.88 	 60.80 	 58.00
18.90 	 59.80 	 57.07
18.93 	 59.50 	 58.12
18.95 	 59.30 	 58.35
18.98 	 61.60 	 58.23
19.00 	 58.40 	 58.00
19.02 	 62.00 	 56.25
19.05 	 58.00 	 57.53
19.07 	 61.20 	 56.37
19.10 	 57.50 	 58.23
19.12 	 61.80 	 57.42
19.15 	 58.20 	 57.53
19.18 	 61.60 	 57.42
19.20 	 58.70 	 56.37
19.23 	 62.20 	 57.65
19.25 	 58.70 	 56.95
19.27 	 63.20 	 58.23
19.30 	 59.70 	 57.88
19.32 	 63.50 	 56.02
19.35 	 60.50 	 57.42
19.38 	 64.20 	 56.37
19.40 	 61.40 	 58.00
19.43 	 62.90 	 57.88
19.45 	 61.90 	 57.77
19.48 	 61.80 	 57.77
19.50 	 62.70 	 57.19
19.52 	 61.50 	 56.95
19.55 	 65.40 	 57.07
19.57 	 61.30 	 56.60
19.60 	 65.00 	 56.02
19.62 	 60.90 	 57.53
19.65 	 64.60 	 55.67
19.68 	 60.70 	 57.42
19.70 	 64.20 	 57.07
19.73 	 60.10 	 57.88
19.75 	 63.70 	 56.84
19.77 	 60.20 	 56.95
19.80 	 64.10 	 57.19
19.82 	 60.40 	 56.72
19.85 	 64.70 	 57.77
19.88 	 61.40 	 57.19
19.90 	 65.00 	 58.58
19.93 	 62.20 	 57.42
19.95 	 65.60 	 55.44
19.98 	 63.10 	 57.07
20.00 	 66.50 	 56.60
20.02 	 63.90 	 57.88
20.05 	 65.80 	 57.07
20.07 	 64.60 	 57.07
20.10 	 64.80 	 57.07
20.12 	 64.10 	 57.65
20.15 	 67.80 	 57.53
20.18 	 64.50 	 56.95
20.20 	 67.30 	 57.88
20.23 	 64.10 	 57.42
20.25 	 67.40 	 55.67
20.27 	 64.50 	 57.30
20.30 	 68.60 	 57.19
20.32 	 64.50 	 57.42
20.35 	 68.20 	 56.72
20.38 	 65.10 	 57.19
20.40 	 68.50 	 56.72
20.43 	 65.80 	 56.37
20.45 	 67.10 	 57.53
20.48 	 65.90 	 57.77
20.50 	 68.20 	 57.65
20.52 	 66.00 	 57.65
20.55 	 68.90 	 56.25
20.57 	 65.50 	 57.53
20.60 	 69.50 	 56.37
20.62 	 66.40 	 56.84
20.65 	 69.50 	 56.25
20.68 	 65.80 	 56.14
20.70 	 69.80 	 56.25
20.73 	 66.70 	 56.37
20.75 	 69.70 	 57.42
20.77 	 66.70 	 56.37
20.80 	 70.70 	 57.07
20.82 	 67.30 	 56.84
20.85 	 70.20 	 56.49
20.88 	 67.60 	 57.65
20.90 	 69.80 	 57.07
20.93 	 68.20 	 57.07
20.95 	 68.20 	 57.30
20.98 	 67.70 	 57.19
21.00 	 71.20 	 56.25
21.02 	 66.90 	 56.25
21.05 	 70.60 	 57.19
21.07 	 67.30 	 56.49
21.10 	 71.10 	 57.65
21.12 	 67.10 	 57.07
21.15 	 71.20 	 55.79
21.18 	 68.20 	 57.30
21.20 	 71.30 	 56.72
21.23 	 68.50 	 57.42
21.25 	 71.80 	 56.49
21.27 	 69.10 	 56.37
21.30 	 72.30 	 56.49
21.32 	 69.70 	 57.07
21.35 	 71.70 	 57.65
21.38 	 69.80 	 57.07
21.40 	 71.40 	 56.60
21.43 	 70.00 	 56.02
21.45 	 72.00 	 55.44
21.48 	 69.70 	 56.84
21.50 	 73.10 	 55.44
21.52 	 69.20 	 56.49
21.55 	 72.50 	 55.09
21.57 	 68.60 	 55.44
21.60 	 72.70 	 55.20
21.62 	 69.20 	 56.02
21.65 	 72.60 	 56.72
21.68 	 70.20 	 55.20
21.70 	 73.40 	 56.02
21.73 	 70.50 	 54.62
21.75 	 74.20 	 54.86
21.77 	 71.10 	 56.49
21.80 	 75.00 	 55.09
21.82 	 71.70 	 55.67
21.85 	 74.00 	 55.20
21.88 	 72.20 	 55.55
21.90 	 71.70 	 56.02
21.93 	 75.90 	 55.20
21.95 	 72.50 	 55.55
21.98 	 72.20 	 55.90
22.00 	 74.80 	 55.79
22.02 	 71.30 	 54.51
22.05 	 74.80 	 54.04
22.07 	 71.50 	 56.37
22.10 	 75.10 	 54.86
22.12 	 71.20 	 56.02
22.15 	 74.80 	 54.51
22.18 	 72.20 	 54.86
22.20 	 75.60 	 55.32
22.23 	 72.40 	 55.55
22.25 	 76.30 	 55.67
22.27 	 72.60 	 54.86
22.30 	 76.70 	 54.97
22.32 	 73.40 	 53.92
22.35 	 77.00 	 54.27
22.38 	 73.90 	 56.02
22.40 	 76.30 	 55.20
22.43 	 74.90 	 55.44
22.45 	 74.40 	 55.55
22.48 	 76.20 	 54.74
22.50 	 74.80 	 55.32
22.52 	 74.60 	 55.90
22.55 	 76.90 	 55.55
22.57 	 73.50 	 54.74
22.60 	 76.80 	 55.32
22.62 	 72.70 	 54.04
22.65 	 75.90 	 54.62
22.68 	 72.30 	 56.49
22.70 	 76.70 	 54.62
22.73 	 72.60 	 55.67
22.75 	 76.10 	 54.51
22.77 	 73.50 	 55.20
22.80 	 76.40 	 55.20
22.82 	 73.80 	 55.67
22.85 	 77.40 	 55.90
22.88 	 74.40 	 55.55
22.90 	 77.90 	 55.20
22.93 	 75.00 	 54.62
22.95 	 78.70 	 56.14
22.98 	 75.70 	 57.07
23.00 	 79.40 	 54.86
23.02 	 76.10 	 56.02
23.05 	 80.10 	 54.86
23.07 	 76.80 	 55.79
23.10 	 80.50 	 55.44
23.12 	 77.40 	 55.90
23.15 	 79.20 	 56.49
23.18 	 77.70 	 55.90
23.20 	 78.00 	 56.25
23.23 	 78.10 	 55.90
23.25 	 77.90 	 56.02
23.27 	 79.00 	 55.20
23.30 	 77.00 	 56.49
23.32 	 80.20 	 54.04
23.35 	 76.20 	 54.97
23.38 	 79.80 	 54.51
23.40 	 75.40 	 56.02
23.43 	 78.70 	 55.67
23.45 	 76.60 	 55.44
23.48 	 79.40 	 55.20
23.50 	 75.70 	 54.62
23.52 	 79.70 	 55.79
23.55 	 76.40 	 54.86
23.57 	 80.20 	 54.86
23.60 	 77.20 	 56.49
23.62 	 80.60 	 54.62
23.65 	 77.70 	 55.67
23.68 	 81.20 	 54.97
23.70 	 78.40 	 56.25
23.73 	 82.00 	 56.02
23.75 	 78.50 	 55.44
23.77 	 82.50 	 55.55
23.80 	 79.60 	 55.09
23.82 	 83.10 	 56.02
23.85 	 80.00 	 55.20
23.88 	 83.80 	 55.09
23.90 	 80.80 	 56.72
23.93 	 82.20 	 55.67
23.95 	 81.30 	 56.02
23.98 	 80.80 	 56.37
24.00 	 82.70 	 56.25
24.02 	 80.30 	 56.49
24.05 	 84.10 	 55.44
24.07 	 80.50 	 55.32
24.10 	 84.40 	 55.55
24.12 	 80.50 	 54.51
24.15 	 83.60 	 55.90
24.18 	 80.50 	 56.14
24.20 	 84.00 	 54.16
24.23 	 80.10 	 55.44
24.25 	 84.00 	 54.39
24.27 	 80.80 	 55.79
24.30 	 83.90 	 55.67
24.32 	 81.00 	 56.02
24.35 	 83.90 	 55.44
24.38 	 81.60 	 55.32
24.40 	 85.20 	 55.32
24.43 	 82.30 	 54.97
24.45 	 85.80 	 55.67
24.48 	 82.50 	 54.62
24.50 	 86.50 	 53.81
24.52 	 83.20 	 55.20
24.55 	 85.70 	 54.62
24.57 	 83.30 	 55.20
24.60 	 86.40 	 55.20
24.62 	 84.10 	 55.20
24.65 	 83.90 	 55.55
24.68 	 85.10 	 55.09
24.70 	 83.20 	 54.74
24.73 	 86.80 	 55.09
24.75 	 83.00 	 54.51
24.77 	 86.60 	 55.67
24.80 	 82.40 	 55.55
24.82 	 85.90 	 53.46
24.85 	 83.10 	 55.32
24.88 	 86.70 	 54.51
24.90 	 82.90 	 55.32
24.93 	 86.80 	 54.51
24.95 	 83.20 	 54.86
24.98 	 86.70 	 54.04
25.00 	 83.90 	 54.16
25.02 	 86.80 	 55.09
25.05 	 84.30 	 54.74
25.07 	 87.30 	 55.79
25.10 	 84.90 	 54.74
25.12 	 88.10 	 53.34
25.15 	 85.40 	 55.09
25.18 	 88.60 	 54.86
25.20 	 85.90 	 55.55
25.23 	 89.20 	 54.27
25.25 	 86.50 	 54.86
25.27 	 87.50 	 54.62
25.30 	 86.10 	 54.86
25.32 	 90.10 	 54.97
25.35 	 86.80 	 54.27
25.38 	 88.50 	 55.44
25.40 	 86.20 	 55.09
25.43 	 90.10 	 53.57
25.45 	 86.30 	 54.74
25.48 	 89.40 	 54.27
25.50 	 86.30 	 55.20
25.52 	 90.30 	 54.62
25.55 	 86.50 	 54.39
25.57 	 90.10 	 54.16
25.60 	 86.90 	 54.04
25.62 	 89.90 	 55.09
25.65 	 87.40 	 54.51
25.68 	 90.50 	 55.20
25.70 	 87.70 	 54.97
25.73 	 90.80 	 53.69
25.75 	 88.50 	 55.09
25.77 	 90.20 	 55.09
25.80 	 88.40 	 55.67
25.82 	 91.90 	 54.27
25.85 	 88.10 	 54.51
25.88 	 91.90 	 54.62
25.90 	 88.80 	 54.51
25.93 	 91.90 	 55.44
25.95 	 89.00 	 54.97
25.98 	 92.00 	 55.44
26.00 	 89.30 	 54.04
26.02 	 92.50 	 53.92
26.05 	 89.80 	 55.79
26.07 	 91.10 	 55.79
26.10 	 90.00 	 56.14
26.12 	 92.00 	 55.32
26.15 	 89.60 	 55.32
26.18 	 93.70 	 54.51
26.20 	 90.70 	 54.86
26.23 	 90.60 	 55.79
26.25 	 91.60 	 56.02
26.27 	 89.70 	 54.86
26.30 	 93.30 	 55.09
26.32 	 89.50 	 55.20
26.35 	 93.00 	 54.39
26.38 	 88.70 	 55.79
26.40 	 91.70 	 54.51
26.43 	 87.90 	 54.97
26.45 	 91.80 	 54.74
26.48 	 88.20 	 54.51
26.50 	 91.10 	 55.09
26.52 	 91.90 	 54.51
26.55 	 90.20 	 54.97
26.57 	 92.20 	 55.32
26.60 	 91.10 	 54.39
26.62 	 93.10 	 54.39
26.65 	 90.90 	 56.14
26.68 	 94.30 	 54.97
26.70 	 91.70 	 56.02
