time [ms]	Pressure [Hgmm]	illuminance [lux]
0.00 	 0.00 	 -0.00
0.03 	 0.00 	 0.04
0.05 	 0.30 	 0.08
0.07 	 -0.10 	 0.10
0.10 	 0.20 	 0.09
0.12 	 0.30 	 0.06
0.15 	 0.30 	 0.01
0.17 	 0.30 	 -0.04
0.20 	 0.20 	 -0.11
0.23 	 -0.00 	 -0.17
0.25 	 0.20 	 -0.22
0.28 	 0.00 	 -0.26
0.30 	 0.10 	 -0.28
0.33 	 -0.10 	 -0.30
0.35 	 -0.10 	 -0.30
0.38 	 0.70 	 -0.28
0.40 	 0.20 	 -0.26
0.42 	 0.20 	 -0.23
0.45 	 -0.10 	 -0.19
0.47 	 0.10 	 -0.14
0.50 	 0.10 	 -0.10
0.53 	 -0.10 	 -0.05
0.55 	 0.20 	 0.00
0.57 	 -0.10 	 0.05
0.60 	 0.20 	 0.10
0.62 	 0.30 	 0.15
0.65 	 0.30 	 0.20
0.68 	 0.50 	 0.25
0.70 	 0.10 	 0.29
0.72 	 0.00 	 0.33
0.75 	 0.30 	 0.35
0.78 	 0.10 	 0.35
0.80 	 0.00 	 0.34
0.82 	 0.30 	 0.30
0.85 	 0.30 	 0.24
0.88 	 0.50 	 0.17
0.90 	 0.40 	 0.09
0.93 	 -0.10 	 0.02
0.95 	 0.30 	 -0.05
0.97 	 0.90 	 -0.10
1.00 	 0.30 	 -0.14
1.02 	 0.40 	 -0.15
1.05 	 0.40 	 -0.16
1.07 	 0.20 	 -0.15
1.10 	 0.20 	 -0.14
1.12 	 0.20 	 -0.13
1.15 	 0.20 	 -0.13
1.18 	 0.40 	 -0.13
1.20 	 0.20 	 -0.13
1.23 	 0.20 	 -0.13
1.25 	 -0.10 	 -0.13
1.27 	 -0.10 	 -0.12
1.30 	 -0.10 	 -0.10
1.32 	 -0.00 	 -0.06
1.35 	 0.10 	 -0.02
1.38 	 0.10 	 0.03
1.40 	 0.00 	 0.09
1.43 	 0.20 	 0.13
1.45 	 0.20 	 0.16
1.48 	 0.20 	 0.18
1.50 	 0.50 	 0.17
1.52 	 0.20 	 0.13
1.55 	 0.50 	 0.07
1.57 	 0.40 	 -0.00
1.60 	 0.40 	 -0.09
1.62 	 0.40 	 -0.17
1.65 	 0.40 	 -0.24
1.68 	 0.30 	 -0.29
1.70 	 0.00 	 -0.31
1.73 	 0.40 	 -0.30
1.75 	 0.40 	 -0.26
1.77 	 0.30 	 -0.21
1.80 	 0.20 	 -0.14
1.82 	 0.40 	 -0.07
1.85 	 0.90 	 -0.01
1.88 	 0.30 	 0.03
1.90 	 0.50 	 0.05
1.93 	 0.40 	 0.04
1.95 	 -0.10 	 0.02
1.98 	 0.40 	 -0.01
2.00 	 0.30 	 -0.04
2.02 	 0.10 	 -0.06
2.05 	 0.10 	 -0.05
2.08 	 0.20 	 -0.02
2.10 	 0.20 	 0.05
2.12 	 0.30 	 0.13
2.15 	 0.30 	 0.23
2.17 	 0.30 	 0.31
2.20 	 -0.00 	 0.38
2.23 	 0.20 	 0.40
2.25 	 0.20 	 0.39
2.27 	 0.30 	 0.32
2.30 	 0.30 	 0.23
2.33 	 0.30 	 0.11
2.35 	 0.30 	 -0.00
2.38 	 0.00 	 -0.11
2.40 	 0.30 	 -0.18
2.42 	 0.50 	 -0.22
2.45 	 0.50 	 -0.22
2.48 	 -0.10 	 -0.20
2.50 	 0.10 	 -0.16
2.52 	 0.10 	 -0.12
2.55 	 0.10 	 -0.09
2.58 	 0.10 	 -0.07
2.60 	 0.20 	 -0.07
2.62 	 0.20 	 -0.07
2.65 	 0.20 	 -0.07
2.67 	 0.20 	 -0.06
2.70 	 0.20 	 -0.03
2.73 	 0.10 	 0.01
2.75 	 0.20 	 0.07
2.77 	 -0.10 	 0.15
2.80 	 0.20 	 0.22
2.83 	 0.20 	 0.29
2.85 	 0.20 	 0.35
2.88 	 0.20 	 0.38
2.90 	 0.20 	 0.39
2.92 	 0.00 	 0.38
2.95 	 0.00 	 0.35
2.98 	 0.30 	 0.29
3.00 	 0.30 	 0.23
3.02 	 0.30 	 0.15
3.05 	 0.20 	 0.07
3.08 	 0.20 	 -0.01
3.10 	 0.30 	 -0.08
3.12 	 0.30 	 -0.14
3.15 	 -0.10 	 -0.19
3.17 	 0.20 	 -0.23
3.20 	 0.30 	 -0.25
3.23 	 0.30 	 -0.26
3.25 	 0.10 	 -0.26
3.27 	 0.20 	 -0.26
3.30 	 0.20 	 -0.26
3.33 	 -0.10 	 -0.25
3.35 	 0.40 	 -0.25
3.38 	 0.10 	 -0.26
3.40 	 -0.10 	 -0.26
3.42 	 -0.10 	 -0.26
3.45 	 0.00 	 -0.25
3.48 	 0.30 	 -0.24
3.50 	 0.30 	 -0.21
3.52 	 0.20 	 -0.18
3.55 	 0.30 	 -0.13
3.58 	 0.30 	 -0.07
3.60 	 0.30 	 -0.00
3.62 	 0.20 	 0.07
3.65 	 0.40 	 0.14
3.67 	 0.30 	 0.21
3.70 	 0.40 	 0.27
3.73 	 0.40 	 0.30
3.75 	 0.00 	 0.32
3.77 	 0.30 	 0.30
3.80 	 0.30 	 0.26
3.83 	 0.30 	 0.19
3.85 	 0.20 	 0.10
3.88 	 0.20 	 0.01
3.90 	 0.20 	 -0.09
3.92 	 0.20 	 -0.18
3.95 	 0.20 	 -0.25
3.98 	 0.10 	 -0.30
4.00 	 0.20 	 -0.32
4.03 	 0.20 	 -0.32
4.05 	 0.20 	 -0.31
4.08 	 0.20 	 -0.28
4.10 	 0.20 	 -0.25
4.12 	 0.20 	 -0.21
4.15 	 0.30 	 -0.18
4.17 	 0.00 	 -0.15
4.20 	 0.30 	 -0.12
4.22 	 0.30 	 -0.09
4.25 	 0.40 	 -0.06
4.28 	 0.10 	 -0.02
4.30 	 -0.10 	 0.02
4.33 	 -0.10 	 0.07
4.35 	 0.20 	 0.13
4.38 	 0.30 	 0.19
4.40 	 0.60 	 0.26
4.42 	 -0.10 	 0.31
4.45 	 0.30 	 0.35
4.47 	 -0.10 	 0.37
4.50 	 0.30 	 0.37
4.53 	 0.30 	 0.33
4.55 	 0.30 	 0.27
4.58 	 0.20 	 0.19
4.60 	 0.30 	 0.10
4.62 	 0.20 	 0.02
4.65 	 0.20 	 -0.05
4.67 	 0.20 	 -0.10
4.70 	 0.20 	 -0.12
4.72 	 0.10 	 -0.11
4.75 	 0.20 	 -0.08
4.78 	 0.20 	 -0.03
4.80 	 0.10 	 0.03
4.83 	 0.10 	 0.10
4.85 	 0.20 	 0.16
4.88 	 0.30 	 0.22
4.90 	 0.30 	 0.26
4.92 	 0.30 	 0.30
4.95 	 0.40 	 0.32
4.97 	 0.20 	 0.33
5.00 	 -0.10 	 0.33
5.03 	 0.30 	 0.32
5.05 	 0.30 	 0.30
5.08 	 0.20 	 0.28
5.10 	 1.80 	 0.25
5.12 	 0.30 	 0.21
5.15 	 3.10 	 0.17
5.17 	 0.30 	 0.13
5.20 	 5.00 	 0.08
5.22 	 0.30 	 0.03
5.25 	 4.70 	 -0.03
5.28 	 0.20 	 -0.10
5.30 	 4.70 	 -0.17
5.33 	 0.20 	 -0.25
5.35 	 4.40 	 -0.34
5.38 	 0.10 	 -0.41
5.40 	 4.30 	 -0.47
5.42 	 0.60 	 -0.51
5.45 	 4.10 	 -0.52
5.47 	 0.20 	 -0.50
5.50 	 4.20 	 -0.46
5.53 	 0.30 	 -0.40
5.55 	 4.40 	 -0.33
5.58 	 0.40 	 -0.26
5.60 	 4.40 	 -0.19
5.62 	 0.50 	 -0.13
5.65 	 4.20 	 -0.09
5.67 	 0.30 	 -0.06
5.70 	 4.20 	 -0.05
5.72 	 0.50 	 -0.05
5.75 	 4.00 	 -0.04
5.78 	 1.90 	 -0.04
5.80 	 3.90 	 -0.02
5.83 	 3.50 	 0.01
5.85 	 3.10 	 0.07
5.88 	 3.00 	 0.13
5.90 	 3.00 	 0.21
5.92 	 2.90 	 0.28
5.95 	 2.80 	 0.34
5.97 	 3.00 	 0.38
6.00 	 3.00 	 0.37
6.03 	 2.90 	 0.33
6.05 	 3.30 	 0.26
6.08 	 3.20 	 0.15
6.10 	 3.00 	 0.04
6.12 	 2.90 	 -0.08
6.15 	 3.20 	 -0.19
6.17 	 3.20 	 -0.27
6.20 	 3.70 	 -0.33
6.22 	 3.90 	 -0.35
6.25 	 4.10 	 -0.35
6.28 	 4.20 	 -0.33
6.30 	 4.20 	 -0.30
6.33 	 4.40 	 -0.26
6.35 	 4.60 	 -0.23
6.38 	 5.10 	 -0.20
6.40 	 5.00 	 -0.17
6.42 	 5.20 	 -0.15
6.45 	 5.60 	 -0.13
6.47 	 5.40 	 -0.11
6.50 	 5.50 	 -0.10
6.53 	 6.00 	 -0.07
6.55 	 6.20 	 -0.05
6.58 	 6.50 	 -0.01
6.60 	 6.70 	 0.04
6.62 	 6.90 	 0.10
6.65 	 7.20 	 0.17
6.67 	 7.40 	 0.24
6.70 	 7.60 	 0.32
6.72 	 8.00 	 0.40
6.75 	 8.20 	 0.46
6.78 	 8.60 	 0.51
6.80 	 9.10 	 0.54
6.83 	 9.20 	 0.54
6.85 	 9.60 	 0.50
6.88 	 9.90 	 0.43
6.90 	 10.40 	 0.33
6.92 	 9.60 	 0.21
6.95 	 11.20 	 0.08
6.97 	 9.30 	 -0.05
7.00 	 12.10 	 -0.16
7.03 	 9.50 	 -0.25
7.05 	 12.70 	 -0.30
7.08 	 10.00 	 -0.31
7.10 	 13.30 	 -0.29
7.12 	 10.30 	 -0.25
7.15 	 13.90 	 -0.19
7.17 	 10.60 	 -0.12
7.20 	 14.30 	 -0.07
7.22 	 10.70 	 -0.03
7.25 	 14.70 	 -0.01
7.28 	 11.30 	 -0.01
7.30 	 14.90 	 -0.03
7.33 	 11.40 	 -0.06
7.35 	 15.00 	 -0.09
7.38 	 11.70 	 -0.11
7.40 	 15.10 	 -0.11
7.42 	 11.80 	 -0.08
7.45 	 15.70 	 -0.03
7.47 	 11.90 	 0.04
7.50 	 16.10 	 0.13
7.53 	 12.40 	 0.24
7.55 	 15.80 	 0.34
7.58 	 12.90 	 0.43
7.60 	 16.40 	 0.49
7.62 	 13.20 	 0.52
7.65 	 16.60 	 0.51
7.67 	 13.30 	 0.45
7.70 	 16.80 	 0.35
7.72 	 13.40 	 0.21
7.75 	 17.30 	 0.06
7.78 	 13.70 	 -0.10
7.80 	 17.50 	 -0.24
7.83 	 14.20 	 -0.36
7.85 	 17.70 	 -0.44
7.88 	 14.20 	 -0.47
7.90 	 18.00 	 -0.45
7.92 	 14.60 	 -0.41
7.95 	 18.20 	 -0.34
7.97 	 14.70 	 -0.26
8.00 	 18.10 	 -0.19
8.03 	 14.80 	 -0.14
8.05 	 18.70 	 -0.11
8.07 	 15.10 	 -0.11
8.10 	 18.40 	 -0.12
8.12 	 15.40 	 -0.14
8.15 	 19.20 	 -0.16
8.18 	 15.40 	 -0.17
8.20 	 19.00 	 -0.15
8.22 	 15.70 	 -0.10
8.25 	 19.40 	 -0.03
8.28 	 15.50 	 0.06
8.30 	 19.70 	 0.16
8.32 	 15.80 	 0.26
8.35 	 19.70 	 0.34
8.38 	 16.10 	 0.40
8.40 	 20.10 	 0.43
8.43 	 16.20 	 0.43
8.45 	 20.10 	 0.39
8.47 	 16.70 	 0.31
8.50 	 20.20 	 0.19
8.53 	 16.80 	 0.05
8.55 	 20.20 	 -0.10
8.57 	 17.00 	 -0.25
8.60 	 20.10 	 -0.40
8.62 	 18.90 	 -0.52
8.65 	 20.50 	 -0.60
8.68 	 18.70 	 -0.65
8.70 	 20.20 	 -0.65
8.72 	 20.00 	 -0.61
8.75 	 20.50 	 -0.54
8.78 	 20.60 	 -0.45
8.80 	 20.80 	 -0.35
8.82 	 21.50 	 -0.25
8.85 	 20.50 	 -0.16
8.88 	 21.80 	 -0.08
8.90 	 20.60 	 -0.01
8.93 	 22.40 	 0.05
8.95 	 20.40 	 0.10
8.97 	 23.20 	 0.14
9.00 	 20.90 	 0.18
9.03 	 23.70 	 0.21
9.05 	 20.70 	 0.25
9.07 	 23.90 	 0.27
9.10 	 20.80 	 0.30
9.12 	 24.20 	 0.33
9.15 	 20.50 	 0.37
9.18 	 24.60 	 0.41
9.20 	 21.10 	 0.46
9.22 	 24.20 	 0.52
9.25 	 21.40 	 0.57
9.28 	 24.50 	 0.61
9.30 	 21.30 	 0.62
9.32 	 24.60 	 0.59
9.35 	 21.10 	 0.51
9.38 	 25.00 	 0.38
9.40 	 21.10 	 0.21
9.43 	 25.20 	 0.02
9.45 	 21.40 	 -0.18
9.47 	 24.70 	 -0.36
9.50 	 24.60 	 -0.50
9.53 	 24.20 	 -0.58
9.55 	 24.20 	 -0.61
9.57 	 24.20 	 -0.58
9.60 	 24.80 	 -0.51
9.62 	 25.10 	 -0.41
9.65 	 25.00 	 -0.30
9.68 	 25.20 	 -0.19
9.70 	 25.90 	 -0.10
9.72 	 25.90 	 -0.02
9.75 	 26.10 	 0.03
9.78 	 26.70 	 0.06
9.80 	 26.60 	 0.07
9.82 	 27.00 	 0.08
9.85 	 26.80 	 0.09
9.88 	 27.60 	 0.09
9.90 	 26.20 	 0.11
9.93 	 28.30 	 0.13
9.95 	 25.90 	 0.17
9.97 	 29.10 	 0.22
10.00 	 25.90 	 0.28
10.03 	 29.40 	 0.34
10.05 	 26.20 	 0.40
10.07 	 29.60 	 0.45
10.10 	 26.30 	 0.47
10.12 	 29.60 	 0.46
10.15 	 26.70 	 0.41
10.18 	 30.10 	 0.33
10.20 	 26.90 	 0.20
10.22 	 30.70 	 0.05
10.25 	 27.20 	 -0.12
10.28 	 31.20 	 -0.27
10.30 	 27.40 	 -0.40
10.32 	 31.60 	 -0.48
10.35 	 28.00 	 -0.52
10.38 	 31.90 	 -0.51
10.40 	 28.40 	 -0.46
10.43 	 32.10 	 -0.39
10.45 	 28.80 	 -0.30
10.47 	 32.30 	 -0.23
10.50 	 29.50 	 -0.17
10.53 	 32.90 	 -0.14
10.55 	 29.90 	 -0.12
10.57 	 33.60 	 -0.12
10.60 	 30.20 	 -0.13
10.62 	 34.20 	 -0.14
10.65 	 30.40 	 -0.13
10.68 	 34.60 	 -0.12
10.70 	 30.90 	 -0.10
10.72 	 34.70 	 -0.07
10.75 	 31.40 	 -0.05
10.78 	 34.90 	 -0.03
10.80 	 31.90 	 -0.01
10.82 	 35.40 	 -0.01
10.85 	 32.40 	 0.00
10.88 	 35.80 	 0.01
10.90 	 32.40 	 0.04
10.93 	 36.40 	 0.07
10.95 	 33.00 	 0.12
10.97 	 36.70 	 0.18
11.00 	 32.90 	 0.24
11.03 	 37.10 	 0.29
11.05 	 33.80 	 0.31
11.07 	 37.60 	 0.32
11.10 	 34.30 	 0.29
11.12 	 38.30 	 0.24
11.15 	 35.20 	 0.17
11.18 	 34.80 	 0.09
11.20 	 37.40 	 0.00
11.22 	 35.00 	 -0.08
11.25 	 37.70 	 -0.14
11.28 	 35.00 	 -0.20
11.30 	 38.80 	 -0.23
11.32 	 34.50 	 -0.25
11.35 	 39.10 	 -0.26
11.38 	 34.90 	 -0.25
11.40 	 39.00 	 -0.24
11.43 	 34.90 	 -0.22
11.45 	 39.40 	 -0.20
11.47 	 35.70 	 -0.18
11.50 	 39.70 	 -0.15
11.53 	 36.10 	 -0.13
11.55 	 40.40 	 -0.09
11.57 	 36.60 	 -0.05
11.60 	 40.70 	 -0.01
11.62 	 36.80 	 0.04
11.65 	 41.30 	 0.10
11.68 	 37.70 	 0.16
11.70 	 40.20 	 0.22
11.72 	 37.40 	 0.29
11.75 	 42.00 	 0.36
11.78 	 37.70 	 0.42
11.80 	 42.10 	 0.47
11.82 	 37.90 	 0.50
11.85 	 42.40 	 0.50
11.88 	 38.40 	 0.47
11.90 	 42.30 	 0.40
11.93 	 38.50 	 0.30
11.95 	 42.80 	 0.18
11.97 	 39.20 	 0.04
12.00 	 43.30 	 -0.10
12.03 	 39.50 	 -0.22
12.05 	 43.90 	 -0.32
12.07 	 39.90 	 -0.37
12.10 	 43.60 	 -0.38
12.12 	 40.00 	 -0.34
12.15 	 44.60 	 -0.28
12.18 	 40.60 	 -0.21
12.20 	 43.40 	 -0.14
12.22 	 40.80 	 -0.09
12.25 	 44.00 	 -0.07
12.28 	 40.90 	 -0.08
12.30 	 44.60 	 -0.11
12.32 	 41.20 	 -0.15
12.35 	 44.50 	 -0.19
12.38 	 41.40 	 -0.21
12.40 	 44.80 	 -0.21
12.43 	 41.70 	 -0.17
12.45 	 45.30 	 -0.10
12.47 	 42.10 	 -0.01
12.50 	 44.80 	 0.09
12.53 	 42.60 	 0.19
12.55 	 44.10 	 0.28
12.57 	 42.50 	 0.35
12.60 	 46.50 	 0.38
12.62 	 42.10 	 0.40
12.65 	 46.10 	 0.39
12.68 	 41.80 	 0.35
12.70 	 46.60 	 0.30
12.72 	 42.40 	 0.24
12.75 	 46.80 	 0.16
12.78 	 43.00 	 0.07
12.80 	 47.50 	 -0.03
12.82 	 43.50 	 -0.12
12.85 	 47.70 	 -0.21
12.88 	 43.90 	 -0.29
12.90 	 48.20 	 -0.35
12.93 	 44.50 	 -0.38
12.95 	 48.30 	 -0.39
12.97 	 44.80 	 -0.37
13.00 	 48.80 	 -0.33
13.03 	 45.40 	 -0.28
13.05 	 47.80 	 -0.23
13.07 	 45.60 	 -0.18
13.10 	 49.40 	 -0.13
13.12 	 45.60 	 -0.11
13.15 	 49.80 	 -0.09
13.18 	 45.50 	 -0.09
13.20 	 50.10 	 -0.09
13.22 	 45.80 	 -0.10
13.25 	 50.20 	 -0.10
13.28 	 46.00 	 -0.10
13.30 	 50.50 	 -0.08
13.32 	 46.50 	 -0.04
13.35 	 50.80 	 0.02
13.38 	 46.60 	 0.10
13.40 	 51.00 	 0.21
13.43 	 47.10 	 0.33
13.45 	 51.20 	 0.45
13.47 	 47.40 	 0.57
13.50 	 51.50 	 0.66
13.53 	 48.00 	 0.73
13.55 	 51.80 	 0.74
13.57 	 48.50 	 0.69
13.60 	 50.90 	 0.59
13.62 	 49.10 	 0.44
13.65 	 50.40 	 0.24
13.68 	 48.50 	 0.03
13.70 	 52.90 	 -0.18
13.72 	 48.80 	 -0.36
13.75 	 52.40 	 -0.50
13.78 	 49.00 	 -0.59
13.80 	 52.30 	 -0.63
13.82 	 48.90 	 -0.62
13.85 	 52.90 	 -0.57
13.88 	 49.20 	 -0.51
13.90 	 53.10 	 -0.45
13.93 	 49.30 	 -0.39
13.95 	 53.60 	 -0.33
13.97 	 49.90 	 -0.29
14.00 	 53.70 	 -0.25
14.03 	 50.20 	 -0.22
14.05 	 54.10 	 -0.20
14.07 	 50.80 	 -0.17
14.10 	 54.30 	 -0.13
14.12 	 51.30 	 -0.08
14.15 	 54.80 	 -0.01
14.18 	 51.70 	 0.07
14.20 	 55.00 	 0.17
14.22 	 52.10 	 0.29
14.25 	 54.50 	 0.41
14.28 	 52.40 	 0.54
14.30 	 55.80 	 0.66
14.32 	 52.90 	 0.75
14.35 	 54.30 	 0.80
14.38 	 52.60 	 0.79
14.40 	 56.50 	 0.72
14.43 	 52.20 	 0.59
14.45 	 56.80 	 0.41
14.47 	 52.50 	 0.19
14.50 	 56.70 	 -0.04
14.53 	 53.30 	 -0.25
14.55 	 56.80 	 -0.44
14.57 	 53.80 	 -0.58
14.60 	 57.10 	 -0.66
14.62 	 54.10 	 -0.69
14.65 	 57.30 	 -0.67
14.68 	 54.50 	 -0.62
14.70 	 57.80 	 -0.55
14.72 	 54.50 	 -0.47
14.75 	 58.50 	 -0.40
14.78 	 55.20 	 -0.34
14.80 	 59.10 	 -0.29
14.82 	 55.50 	 -0.26
14.85 	 59.80 	 -0.23
14.88 	 56.00 	 -0.20
14.90 	 58.60 	 -0.17
14.93 	 56.00 	 -0.14
14.95 	 60.50 	 -0.10
14.97 	 56.30 	 -0.05
15.00 	 60.30 	 0.02
15.03 	 56.30 	 0.09
15.05 	 60.40 	 0.18
15.07 	 56.70 	 0.27
15.10 	 60.60 	 0.38
15.12 	 56.80 	 0.48
15.15 	 60.90 	 0.59
15.18 	 57.20 	 0.68
15.20 	 61.30 	 0.75
15.22 	 57.40 	 0.79
15.25 	 61.50 	 0.79
15.28 	 57.90 	 0.74
15.30 	 62.00 	 0.65
15.32 	 58.70 	 0.52
15.35 	 60.80 	 0.37
15.38 	 58.80 	 0.19
15.40 	 61.70 	 0.02
15.43 	 58.70 	 -0.13
15.45 	 62.00 	 -0.26
15.47 	 58.90 	 -0.35
15.50 	 62.50 	 -0.40
15.53 	 58.30 	 -0.43
15.55 	 62.20 	 -0.44
15.57 	 57.80 	 -0.43
15.60 	 62.20 	 -0.42
15.62 	 58.20 	 -0.41
15.65 	 62.10 	 -0.40
15.68 	 58.30 	 -0.39
15.70 	 62.20 	 -0.37
15.72 	 59.00 	 -0.35
15.75 	 62.30 	 -0.31
15.78 	 59.10 	 -0.25
15.80 	 62.50 	 -0.17
15.82 	 59.30 	 -0.07
15.85 	 62.90 	 0.05
15.88 	 59.60 	 0.18
15.90 	 63.30 	 0.33
15.93 	 59.90 	 0.48
15.95 	 63.70 	 0.61
15.97 	 60.10 	 0.71
16.00 	 64.20 	 0.76
16.02 	 60.50 	 0.75
16.05 	 64.50 	 0.66
16.07 	 60.70 	 0.50
16.10 	 64.90 	 0.28
16.12 	 61.30 	 0.02
16.15 	 65.10 	 -0.26
16.18 	 62.00 	 -0.52
16.20 	 66.00 	 -0.72
16.23 	 62.70 	 -0.85
16.25 	 66.00 	 -0.90
16.27 	 63.00 	 -0.87
16.30 	 66.10 	 -0.77
16.32 	 63.30 	 -0.64
16.35 	 66.40 	 -0.50
16.38 	 63.70 	 -0.37
16.40 	 66.80 	 -0.28
16.43 	 63.60 	 -0.23
16.45 	 67.40 	 -0.21
16.48 	 64.40 	 -0.22
16.50 	 67.80 	 -0.24
16.52 	 64.20 	 -0.25
16.55 	 68.50 	 -0.23
16.57 	 64.50 	 -0.18
16.60 	 68.50 	 -0.09
16.62 	 64.40 	 0.03
16.65 	 68.60 	 0.19
16.68 	 64.70 	 0.37
16.70 	 68.50 	 0.56
16.73 	 64.70 	 0.75
16.75 	 69.00 	 0.94
16.77 	 65.00 	 1.10
16.80 	 68.80 	 1.23
16.82 	 65.00 	 1.29
16.85 	 69.00 	 1.29
16.88 	 65.20 	 1.20
16.90 	 69.10 	 1.02
16.93 	 65.50 	 0.75
16.95 	 69.60 	 0.41
16.98 	 66.10 	 0.03
17.00 	 70.20 	 -0.36
17.02 	 66.70 	 -0.72
17.05 	 70.70 	 -1.00
17.07 	 66.90 	 -1.18
17.10 	 70.70 	 -1.26
17.12 	 67.00 	 -1.23
17.15 	 71.00 	 -1.11
17.18 	 67.30 	 -0.95
17.20 	 70.50 	 -0.76
17.23 	 67.50 	 -0.58
17.25 	 70.80 	 -0.45
17.27 	 67.90 	 -0.35
17.30 	 71.00 	 -0.31
17.32 	 68.40 	 -0.29
17.35 	 71.30 	 -0.30
17.38 	 68.50 	 -0.30
17.40 	 71.40 	 -0.28
17.43 	 68.90 	 -0.22
17.45 	 72.00 	 -0.13
17.48 	 69.00 	 -0.00
17.50 	 72.30 	 0.16
17.52 	 69.10 	 0.35
17.55 	 72.60 	 0.56
17.57 	 69.10 	 0.77
17.60 	 72.90 	 0.98
17.62 	 69.10 	 1.18
17.65 	 73.30 	 1.34
17.68 	 69.50 	 1.46
17.70 	 73.70 	 1.51
17.73 	 70.00 	 1.49
17.75 	 73.50 	 1.37
17.77 	 70.10 	 1.16
17.80 	 73.90 	 0.86
17.82 	 70.80 	 0.48
17.85 	 74.30 	 0.07
17.88 	 71.80 	 -0.34
17.90 	 75.30 	 -0.71
17.93 	 72.20 	 -1.00
17.95 	 75.10 	 -1.19
17.98 	 72.20 	 -1.27
18.00 	 75.50 	 -1.25
18.02 	 72.50 	 -1.16
18.05 	 75.10 	 -1.02
18.07 	 72.60 	 -0.88
18.10 	 75.80 	 -0.74
18.12 	 73.00 	 -0.65
18.15 	 76.00 	 -0.58
18.18 	 73.20 	 -0.55
18.20 	 76.50 	 -0.54
18.23 	 73.30 	 -0.54
18.25 	 76.70 	 -0.52
18.27 	 73.40 	 -0.48
18.30 	 76.90 	 -0.42
18.32 	 73.30 	 -0.31
18.35 	 77.00 	 -0.18
18.38 	 73.50 	 -0.01
18.40 	 77.20 	 0.19
18.43 	 73.30 	 0.42
18.45 	 77.50 	 0.66
18.48 	 73.40 	 0.90
18.50 	 77.80 	 1.13
18.52 	 73.80 	 1.34
18.55 	 78.00 	 1.48
18.57 	 74.00 	 1.54
18.60 	 77.80 	 1.50
18.62 	 74.10 	 1.35
18.65 	 77.90 	 1.08
18.68 	 74.50 	 0.72
18.70 	 78.50 	 0.29
18.73 	 75.70 	 -0.17
18.75 	 79.50 	 -0.60
18.77 	 76.20 	 -0.96
18.80 	 79.60 	 -1.22
18.82 	 75.90 	 -1.36
18.85 	 79.40 	 -1.38
18.88 	 75.80 	 -1.29
18.90 	 79.10 	 -1.13
18.93 	 77.50 	 -0.93
18.95 	 79.10 	 -0.72
18.98 	 79.30 	 -0.53
19.00 	 79.80 	 -0.37
19.02 	 78.30 	 -0.26
19.05 	 80.70 	 -0.17
19.07 	 78.50 	 -0.11
19.10 	 81.80 	 -0.06
19.12 	 78.80 	 0.00
19.15 	 82.50 	 0.08
19.18 	 79.00 	 0.20
19.20 	 82.50 	 0.34
19.23 	 79.20 	 0.51
19.25 	 82.50 	 0.70
19.27 	 79.50 	 0.89
19.30 	 82.40 	 1.07
19.32 	 79.70 	 1.21
19.35 	 82.70 	 1.28
19.38 	 79.40 	 1.27
19.40 	 82.20 	 1.15
19.43 	 79.40 	 0.93
19.45 	 82.50 	 0.60
19.48 	 79.80 	 0.19
19.50 	 83.30 	 -0.25
19.52 	 81.20 	 -0.69
19.55 	 84.10 	 -1.07
19.57 	 81.10 	 -1.35
19.60 	 84.10 	 -1.49
19.62 	 81.30 	 -1.49
19.65 	 84.30 	 -1.35
19.68 	 80.70 	 -1.10
19.70 	 84.10 	 -0.79
19.73 	 80.70 	 -0.46
19.75 	 84.50 	 -0.15
19.77 	 80.60 	 0.09
19.80 	 84.80 	 0.26
19.82 	 81.10 	 0.34
19.85 	 85.00 	 0.35
19.88 	 81.20 	 0.31
19.90 	 85.10 	 0.25
19.93 	 81.20 	 0.19
19.95 	 84.80 	 0.16
19.98 	 84.20 	 0.19
20.00 	 84.00 	 0.28
20.02 	 84.10 	 0.44
20.05 	 84.70 	 0.65
20.07 	 84.90 	 0.88
20.10 	 85.20 	 1.11
20.12 	 85.70 	 1.28
20.15 	 86.00 	 1.37
20.18 	 86.10 	 1.34
20.20 	 87.10 	 1.17
20.23 	 85.40 	 0.88
20.25 	 88.30 	 0.48
20.27 	 86.60 	 0.02
20.30 	 90.50 	 -0.46
20.32 	 87.60 	 -0.89
20.35 	 88.00 	 -1.23
20.38 	 86.90 	 -1.44
20.40 	 90.20 	 -1.51
20.43 	 86.60 	 -1.44
20.45 	 89.30 	 -1.27
20.48 	 85.00 	 -1.04
20.50 	 88.70 	 -0.78
20.52 	 84.00 	 -0.55
20.55 	 88.70 	 -0.36
20.57 	 84.30 	 -0.23
20.60 	 88.30 	 -0.16
20.62 	 87.60 	 -0.15
20.65 	 87.60 	 -0.16
20.68 	 87.30 	 -0.17
20.70 	 87.50 	 -0.17
20.73 	 88.00 	 -0.15
20.75 	 88.20 	 -0.09
20.77 	 88.70 	 0.01
20.80 	 88.90 	 0.15
20.82 	 89.10 	 0.31
20.85 	 89.80 	 0.50
20.88 	 90.10 	 0.70
20.90 	 90.60 	 0.89
20.93 	 89.70 	 1.06
20.95 	 91.80 	 1.19
20.98 	 89.50 	 1.25
21.00 	 92.50 	 1.23
21.02 	 89.90 	 1.11
21.05 	 92.40 	 0.88
21.07 	 89.90 	 0.56
21.10 	 93.50 	 0.18
21.12 	 91.20 	 -0.23
21.15 	 95.00 	 -0.63
21.18 	 91.50 	 -0.97
21.20 	 95.40 	 -1.20
21.23 	 91.30 	 -1.30
21.25 	 94.70 	 -1.28
21.27 	 90.90 	 -1.15
21.30 	 94.20 	 -0.93
21.32 	 90.50 	 -0.68
21.35 	 93.60 	 -0.43
21.38 	 90.40 	 -0.21
21.40 	 93.70 	 -0.06
21.43 	 90.70 	 0.03
21.45 	 93.50 	 0.05
21.48 	 92.50 	 0.02
21.50 	 93.10 	 -0.03
21.52 	 93.10 	 -0.08
21.55 	 93.30 	 -0.12
21.57 	 93.20 	 -0.13
21.60 	 93.50 	 -0.09
21.62 	 93.80 	 -0.02
21.65 	 94.10 	 0.09
21.68 	 94.50 	 0.24
21.70 	 94.90 	 0.41
21.73 	 94.90 	 0.59
21.75 	 95.60 	 0.78
21.77 	 93.70 	 0.95
21.80 	 96.70 	 1.10
21.82 	 94.30 	 1.21
21.85 	 96.90 	 1.26
21.88 	 94.00 	 1.23
21.90 	 97.10 	 1.13
21.93 	 93.80 	 0.95
21.95 	 97.40 	 0.69
21.98 	 93.90 	 0.37
22.00 	 98.00 	 0.00
22.02 	 95.10 	 -0.36
22.05 	 99.30 	 -0.70
22.07 	 95.60 	 -0.98
22.10 	 98.90 	 -1.17
22.12 	 95.10 	 -1.27
22.15 	 98.30 	 -1.26
22.18 	 94.50 	 -1.18
22.20 	 97.40 	 -1.03
22.23 	 96.90 	 -0.84
22.25 	 96.60 	 -0.65
22.27 	 96.70 	 -0.47
22.30 	 96.90 	 -0.32
22.32 	 97.70 	 -0.20
22.35 	 97.80 	 -0.11
22.38 	 98.20 	 -0.03
22.40 	 98.20 	 0.02
22.43 	 98.70 	 0.08
22.45 	 99.00 	 0.14
22.48 	 99.20 	 0.21
22.50 	 99.40 	 0.28
22.52 	 99.70 	 0.35
22.55 	 99.20 	 0.42
22.57 	 100.30 	 0.47
22.60 	 98.60 	 0.50
22.62 	 101.20 	 0.51
22.65 	 98.50 	 0.50
22.68 	 101.70 	 0.48
22.70 	 98.50 	 0.44
22.73 	 101.20 	 0.41
22.75 	 98.70 	 0.37
22.77 	 101.10 	 0.33
22.80 	 99.90 	 0.30
22.82 	 100.80 	 0.25
22.85 	 100.70 	 0.20
22.88 	 101.10 	 0.13
22.90 	 101.90 	 0.04
22.93 	 101.90 	 -0.07
22.95 	 103.10 	 -0.19
22.98 	 101.60 	 -0.33
23.00 	 104.40 	 -0.46
23.02 	 101.00 	 -0.57
23.05 	 103.90 	 -0.66
23.07 	 100.30 	 -0.71
23.10 	 103.00 	 -0.72
23.12 	 101.60 	 -0.68
23.15 	 102.20 	 -0.61
23.18 	 102.40 	 -0.50
23.20 	 102.70 	 -0.37
23.23 	 102.60 	 -0.23
23.25 	 102.90 	 -0.10
23.27 	 103.00 	 0.01
23.30 	 103.40 	 0.10
23.32 	 103.60 	 0.15
23.35 	 103.90 	 0.17
23.38 	 104.00 	 0.17
23.40 	 104.10 	 0.15
23.43 	 104.50 	 0.14
23.45 	 104.60 	 0.14
23.48 	 105.10 	 0.18
23.50 	 104.70 	 0.26
23.52 	 105.80 	 0.37
23.55 	 103.80 	 0.50
23.57 	 106.00 	 0.64
23.60 	 103.90 	 0.76
23.62 	 106.40 	 0.83
23.65 	 103.60 	 0.84
23.68 	 106.60 	 0.78
23.70 	 103.00 	 0.64
23.73 	 106.90 	 0.44
23.75 	 103.60 	 0.18
23.77 	 107.60 	 -0.09
23.80 	 103.90 	 -0.36
23.82 	 107.70 	 -0.59
23.85 	 103.50 	 -0.76
23.88 	 106.70 	 -0.86
23.90 	 105.40 	 -0.88
23.93 	 105.00 	 -0.82
23.95 	 105.00 	 -0.70
23.98 	 104.80 	 -0.55
24.00 	 105.00 	 -0.38
24.02 	 105.20 	 -0.22
24.05 	 105.80 	 -0.07
24.07 	 106.00 	 0.03
24.10 	 106.50 	 0.10
24.12 	 106.70 	 0.13
24.15 	 106.70 	 0.13
24.18 	 107.00 	 0.11
24.20 	 107.10 	 0.08
24.23 	 107.50 	 0.05
24.25 	 107.90 	 0.03
24.27 	 108.30 	 0.03
24.30 	 108.40 	 0.04
24.32 	 108.40 	 0.07
24.35 	 108.80 	 0.11
24.38 	 108.90 	 0.16
24.40 	 109.40 	 0.21
24.43 	 109.60 	 0.25
24.45 	 109.80 	 0.28
24.48 	 110.10 	 0.30
24.50 	 110.10 	 0.29
24.52 	 110.40 	 0.27
24.55 	 110.70 	 0.23
24.57 	 111.30 	 0.17
24.60 	 112.00 	 0.10
24.62 	 110.90 	 0.03
24.65 	 113.20 	 -0.04
24.68 	 110.60 	 -0.10
24.70 	 113.20 	 -0.15
24.73 	 109.80 	 -0.19
24.75 	 112.50 	 -0.21
24.77 	 110.10 	 -0.21
24.80 	 111.50 	 -0.21
24.82 	 111.60 	 -0.19
24.85 	 111.50 	 -0.16
24.88 	 111.40 	 -0.13
24.90 	 111.40 	 -0.08
24.93 	 111.60 	 -0.04
24.95 	 111.80 	 0.01
24.98 	 112.10 	 0.04
25.00 	 112.00 	 0.07
25.02 	 112.10 	 0.09
25.05 	 112.40 	 0.09
25.07 	 112.10 	 0.09
25.10 	 112.90 	 0.08
25.12 	 113.00 	 0.07
25.15 	 113.20 	 0.06
25.18 	 113.40 	 0.05
25.20 	 113.40 	 0.05
25.23 	 113.50 	 0.06
25.25 	 113.80 	 0.07
25.27 	 114.10 	 0.08
25.30 	 114.20 	 0.10
25.32 	 114.40 	 0.11
25.35 	 114.60 	 0.11
25.38 	 114.60 	 0.10
25.40 	 115.10 	 0.08
25.43 	 115.60 	 0.06
25.45 	 116.60 	 0.02
25.48 	 115.80 	 -0.03
25.50 	 116.90 	 -0.08
25.52 	 115.30 	 -0.13
25.55 	 116.50 	 -0.18
25.57 	 116.40 	 -0.21
25.60 	 115.90 	 -0.23
25.62 	 115.80 	 -0.24
25.65 	 115.80 	 -0.24
25.68 	 116.00 	 -0.21
25.70 	 116.20 	 -0.18
25.73 	 116.30 	 -0.13
25.75 	 116.40 	 -0.08
25.77 	 116.60 	 -0.02
25.80 	 116.40 	 0.03
25.82 	 116.70 	 0.07
25.85 	 116.80 	 0.10
25.88 	 117.00 	 0.11
25.90 	 117.10 	 0.11
25.93 	 117.00 	 0.10
25.95 	 117.30 	 0.07
25.98 	 117.30 	 0.04
26.00 	 117.60 	 0.02
26.02 	 117.70 	 0.00
26.05 	 117.80 	 0.00
26.07 	 117.80 	 0.01
26.10 	 117.80 	 0.04
26.12 	 117.90 	 0.06
26.15 	 117.90 	 0.08
26.18 	 118.20 	 0.09
26.20 	 118.30 	 0.09
26.23 	 118.40 	 0.08
26.25 	 118.30 	 0.05
26.27 	 119.10 	 0.01
26.30 	 119.60 	 -0.03
26.32 	 119.60 	 -0.06
26.35 	 119.60 	 -0.09
26.38 	 119.50 	 -0.12
26.40 	 119.20 	 -0.13
26.43 	 119.10 	 -0.12
26.45 	 119.10 	 -0.11
26.48 	 119.20 	 -0.09
26.50 	 119.40 	 -0.06
26.52 	 119.70 	 -0.02
26.55 	 119.60 	 0.02
26.57 	 119.60 	 0.05
26.60 	 119.80 	 0.08
26.62 	 119.60 	 0.11
26.65 	 119.70 	 0.12
26.68 	 119.70 	 0.12
26.70 	 119.90 	 0.10
26.73 	 119.80 	 0.08
26.75 	 119.80 	 0.06
26.77 	 119.80 	 0.04
26.80 	 119.90 	 0.02
26.82 	 120.10 	 0.01
26.85 	 120.10 	 0.02
26.88 	 120.20 	 0.03
26.90 	 120.30 	 0.05
26.93 	 120.20 	 0.07
26.95 	 120.30 	 0.09
26.98 	 120.30 	 0.10
27.00 	 120.50 	 0.10
27.02 	 120.70 	 0.08
27.05 	 121.00 	 0.05
27.07 	 121.50 	 0.01
27.10 	 121.60 	 -0.04
27.12 	 121.80 	 -0.09
27.15 	 121.60 	 -0.13
27.18 	 121.60 	 -0.16
27.20 	 121.40 	 -0.17
27.23 	 121.30 	 -0.16
27.25 	 121.10 	 -0.14
27.27 	 120.70 	 -0.10
27.30 	 121.20 	 -0.06
27.32 	 121.30 	 -0.03
27.35 	 121.40 	 0.01
27.38 	 121.40 	 0.03
27.40 	 121.30 	 0.04
27.43 	 121.40 	 0.04
27.45 	 121.20 	 0.03
27.48 	 121.50 	 0.02
27.50 	 121.50 	 0.01
27.52 	 121.60 	 -0.00
27.55 	 121.50 	 -0.01
27.57 	 121.50 	 -0.01
27.60 	 121.50 	 -0.01
27.62 	 121.60 	 -0.00
27.65 	 121.50 	 0.01
27.68 	 121.70 	 0.01
27.70 	 121.80 	 0.01
27.73 	 121.80 	 0.00
27.75 	 121.70 	 -0.00
27.77 	 121.90 	 -0.01
27.80 	 121.70 	 -0.02
27.82 	 122.00 	 -0.03
27.85 	 122.20 	 -0.03
27.88 	 122.50 	 -0.02
27.90 	 123.00 	 -0.01
27.93 	 122.80 	 0.02
27.95 	 122.70 	 0.05
27.98 	 122.60 	 0.08
28.00 	 122.50 	 0.11
28.02 	 122.20 	 0.13
28.05 	 122.30 	 0.14
28.07 	 122.30 	 0.14
28.10 	 122.30 	 0.13
28.12 	 122.40 	 0.10
28.15 	 122.40 	 0.05
28.18 	 122.50 	 0.01
28.20 	 122.70 	 -0.04
28.23 	 122.60 	 -0.08
28.25 	 122.80 	 -0.12
28.27 	 122.80 	 -0.13
28.30 	 123.00 	 -0.14
28.32 	 123.20 	 -0.12
28.35 	 123.30 	 -0.10
28.38 	 123.40 	 -0.06
28.40 	 123.40 	 -0.03
28.43 	 123.50 	 0.00
28.45 	 123.70 	 0.02
28.48 	 124.10 	 0.03
28.50 	 124.30 	 0.03
28.52 	 124.60 	 0.02
28.55 	 124.90 	 0.00
28.57 	 125.10 	 -0.01
28.60 	 125.50 	 -0.02
28.62 	 126.00 	 -0.03
28.65 	 126.60 	 -0.04
28.68 	 126.80 	 -0.04
28.70 	 127.70 	 -0.04
28.73 	 128.70 	 -0.04
28.75 	 129.60 	 -0.04
28.77 	 130.20 	 -0.04
28.80 	 130.60 	 -0.04
28.82 	 131.10 	 -0.04
28.85 	 131.50 	 -0.05
28.88 	 132.10 	 -0.06
28.90 	 132.30 	 -0.07
28.93 	 132.90 	 -0.08
28.95 	 134.00 	 -0.09
28.98 	 134.50 	 -0.10
29.00 	 135.40 	 -0.10
29.02 	 136.30 	 -0.11
29.05 	 136.90 	 -0.10
29.07 	 136.50 	 -0.09
29.10 	 138.00 	 -0.07
29.12 	 136.80 	 -0.03
29.15 	 139.30 	 0.01
29.18 	 136.90 	 0.07
29.20 	 140.30 	 0.14
29.23 	 137.60 	 0.20
29.25 	 140.60 	 0.27
29.27 	 138.30 	 0.32
29.30 	 139.80 	 0.35
29.32 	 138.60 	 0.37
29.35 	 140.70 	 0.35
29.38 	 138.10 	 0.31
29.40 	 142.10 	 0.26
29.43 	 138.90 	 0.18
29.45 	 141.10 	 0.11
29.48 	 138.60 	 0.03
29.50 	 141.80 	 -0.03
29.52 	 138.10 	 -0.09
29.55 	 142.00 	 -0.13
29.57 	 138.00 	 -0.16
29.60 	 141.40 	 -0.17
29.62 	 138.40 	 -0.18
29.65 	 141.10 	 -0.17
29.68 	 139.10 	 -0.14
29.70 	 142.00 	 -0.11
29.73 	 138.90 	 -0.07
29.75 	 141.50 	 -0.03
29.77 	 138.80 	 0.01
29.80 	 142.10 	 0.04
29.82 	 138.80 	 0.06
29.85 	 142.10 	 0.06
29.88 	 138.40 	 0.04
29.90 	 142.00 	 0.01
29.93 	 139.30 	 -0.04
29.95 	 141.60 	 -0.10
29.98 	 140.90 	 -0.15
30.00 	 141.30 	 -0.20
30.02 	 141.50 	 -0.23
30.05 	 141.80 	 -0.25
30.07 	 141.80 	 -0.23
30.10 	 142.20 	 -0.20
30.12 	 142.50 	 -0.15
30.15 	 142.20 	 -0.08
30.18 	 143.20 	 -0.01
30.20 	 143.50 	 0.07
30.23 	 143.30 	 0.14
30.25 	 143.70 	 0.19
30.27 	 143.50 	 0.23
30.30 	 144.30 	 0.23
30.32 	 143.30 	 0.21
30.35 	 144.60 	 0.17
30.38 	 143.10 	 0.12
30.40 	 144.80 	 0.06
30.43 	 143.10 	 0.01
30.45 	 144.70 	 -0.04
30.48 	 144.40 	 -0.07
30.50 	 144.50 	 -0.09
30.52 	 144.60 	 -0.09
30.55 	 144.40 	 -0.08
30.57 	 144.60 	 -0.07
30.60 	 144.50 	 -0.05
30.62 	 145.10 	 -0.03
30.65 	 145.00 	 -0.02
30.68 	 145.30 	 -0.02
30.70 	 145.10 	 -0.01
30.73 	 145.30 	 -0.01
30.75 	 145.50 	 -0.00
30.77 	 145.40 	 0.00
30.80 	 145.80 	 0.00
30.82 	 145.70 	 0.01
30.85 	 145.60 	 0.01
30.88 	 145.80 	 0.00
30.90 	 145.80 	 -0.01
30.93 	 145.90 	 -0.02
30.95 	 145.70 	 -0.04
30.98 	 145.80 	 -0.05
31.00 	 145.90 	 -0.06
31.02 	 145.80 	 -0.07
31.05 	 145.80 	 -0.06
31.07 	 145.60 	 -0.05
31.10 	 145.70 	 -0.04
31.12 	 145.50 	 -0.03
31.15 	 145.70 	 -0.02
31.18 	 145.60 	 -0.01
31.20 	 145.60 	 -0.01
31.23 	 145.40 	 -0.01
31.25 	 145.50 	 -0.02
31.27 	 145.50 	 -0.03
31.30 	 145.20 	 -0.04
31.32 	 145.30 	 -0.04
31.35 	 145.10 	 -0.03
31.38 	 145.20 	 -0.01
31.40 	 144.80 	 0.02
31.43 	 144.80 	 0.06
31.45 	 144.90 	 0.10
31.48 	 144.80 	 0.13
31.50 	 145.20 	 0.16
31.52 	 145.10 	 0.17
31.55 	 144.80 	 0.17
31.57 	 144.70 	 0.16
31.60 	 144.40 	 0.13
31.62 	 144.60 	 0.09
31.65 	 144.60 	 0.06
31.68 	 144.40 	 0.03
31.70 	 144.30 	 0.01
31.73 	 144.20 	 0.01
31.75 	 144.10 	 0.02
31.77 	 143.90 	 0.04
31.80 	 144.00 	 0.06
31.82 	 144.10 	 0.09
31.85 	 143.80 	 0.10
31.88 	 143.90 	 0.11
31.90 	 143.80 	 0.10
31.93 	 143.80 	 0.08
31.95 	 143.70 	 0.04
31.98 	 143.60 	 0.01
32.00 	 143.60 	 -0.02
32.02 	 143.70 	 -0.05
32.05 	 143.50 	 -0.07
32.08 	 143.30 	 -0.07
32.10 	 143.10 	 -0.07
32.12 	 143.00 	 -0.05
32.15 	 143.10 	 -0.03
32.17 	 142.90 	 -0.02
32.20 	 142.90 	 -0.01
32.23 	 142.80 	 -0.01
32.25 	 142.60 	 -0.01
32.27 	 142.50 	 -0.02
32.30 	 142.30 	 -0.03
32.33 	 142.30 	 -0.04
32.35 	 142.20 	 -0.05
32.38 	 142.20 	 -0.05
32.40 	 142.00 	 -0.05
32.42 	 141.80 	 -0.05
32.45 	 141.80 	 -0.06
32.48 	 141.60 	 -0.07
32.50 	 141.60 	 -0.08
32.52 	 141.30 	 -0.11
32.55 	 141.20 	 -0.14
32.58 	 141.40 	 -0.16
32.60 	 141.00 	 -0.18
32.62 	 140.80 	 -0.18
32.65 	 140.80 	 -0.16
32.67 	 140.70 	 -0.13
32.70 	 140.50 	 -0.08
32.73 	 140.80 	 -0.03
