time [ms]	Pressure [Hgmm]	illuminance [lux]
0.00 	 0.10 	 0.03
0.03 	 -0.00 	 -0.22
0.05 	 -0.10 	 -0.48
0.07 	 0.10 	 -0.76
0.10 	 -0.00 	 -1.04
0.12 	 0.30 	 -1.29
0.15 	 0.30 	 -1.46
0.17 	 0.10 	 -1.51
0.20 	 0.20 	 -1.43
0.23 	 0.10 	 -1.27
0.25 	 0.40 	 -1.07
0.28 	 0.30 	 -0.89
0.30 	 -0.10 	 -0.76
0.33 	 0.10 	 -0.66
0.35 	 -0.00 	 -0.59
0.38 	 0.30 	 -0.54
0.40 	 0.30 	 -0.49
0.42 	 0.30 	 -0.44
0.45 	 0.20 	 -0.38
0.47 	 0.30 	 -0.31
0.50 	 -0.10 	 -0.23
0.53 	 -0.00 	 -0.17
0.55 	 0.30 	 -0.12
0.57 	 0.00 	 -0.08
0.60 	 0.00 	 -0.03
0.62 	 0.20 	 0.05
0.65 	 -0.00 	 0.19
0.68 	 0.00 	 0.34
0.70 	 -0.10 	 0.48
0.72 	 0.00 	 0.56
0.75 	 0.00 	 0.55
0.78 	 0.20 	 0.43
0.80 	 0.00 	 0.21
0.82 	 0.40 	 -0.06
0.85 	 0.30 	 -0.36
0.88 	 0.30 	 -0.63
0.90 	 0.30 	 -0.81
0.93 	 0.20 	 -0.86
0.95 	 -0.00 	 -0.79
0.97 	 -0.20 	 -0.62
1.00 	 0.20 	 -0.40
1.02 	 0.10 	 -0.18
1.05 	 0.20 	 0.00
1.07 	 0.10 	 0.13
1.10 	 0.10 	 0.19
1.12 	 0.20 	 0.20
1.15 	 0.20 	 0.18
1.18 	 0.10 	 0.13
1.20 	 -0.10 	 0.10
1.23 	 -0.10 	 0.11
1.25 	 0.30 	 0.15
1.27 	 0.20 	 0.21
1.30 	 0.30 	 0.29
1.32 	 0.20 	 0.37
1.35 	 0.10 	 0.47
1.38 	 0.20 	 0.59
1.40 	 0.20 	 0.71
1.43 	 0.20 	 0.79
1.45 	 0.40 	 0.80
1.48 	 0.20 	 0.72
1.50 	 0.30 	 0.54
1.52 	 0.30 	 0.30
1.55 	 0.30 	 0.05
1.57 	 0.40 	 -0.17
1.60 	 0.40 	 -0.33
1.62 	 0.30 	 -0.39
1.65 	 -0.10 	 -0.36
1.68 	 0.20 	 -0.25
1.70 	 0.30 	 -0.09
1.73 	 0.20 	 0.05
1.75 	 0.10 	 0.14
1.77 	 0.20 	 0.17
1.80 	 -0.10 	 0.15
1.82 	 0.10 	 0.11
1.85 	 0.20 	 0.08
1.88 	 0.20 	 0.07
1.90 	 0.10 	 0.09
1.93 	 0.10 	 0.13
1.95 	 0.20 	 0.20
1.98 	 0.30 	 0.27
2.00 	 0.30 	 0.35
2.02 	 0.20 	 0.41
2.05 	 0.30 	 0.45
2.08 	 0.20 	 0.46
2.10 	 0.20 	 0.43
2.12 	 0.20 	 0.37
2.15 	 0.20 	 0.26
2.17 	 0.20 	 0.10
2.20 	 0.20 	 -0.10
2.23 	 0.20 	 -0.30
2.25 	 0.20 	 -0.48
2.27 	 0.20 	 -0.59
2.30 	 0.30 	 -0.63
2.33 	 0.20 	 -0.62
2.35 	 0.20 	 -0.56
2.38 	 0.10 	 -0.48
2.40 	 -0.30 	 -0.39
2.42 	 0.10 	 -0.31
2.45 	 0.10 	 -0.24
2.48 	 0.10 	 -0.19
2.50 	 -0.30 	 -0.15
2.52 	 -0.20 	 -0.11
2.55 	 -0.10 	 -0.07
2.58 	 0.30 	 -0.02
2.60 	 0.10 	 0.03
2.62 	 0.40 	 0.07
2.65 	 0.30 	 0.11
2.67 	 0.20 	 0.15
2.70 	 0.30 	 0.20
2.73 	 0.60 	 0.24
2.75 	 0.30 	 0.26
2.77 	 0.40 	 0.22
2.80 	 0.20 	 0.12
2.83 	 0.20 	 -0.02
2.85 	 0.00 	 -0.17
2.88 	 0.30 	 -0.29
2.90 	 0.20 	 -0.36
2.92 	 0.30 	 -0.36
2.95 	 0.20 	 -0.29
2.98 	 0.40 	 -0.17
3.00 	 0.40 	 -0.02
3.02 	 0.30 	 0.11
3.05 	 0.20 	 0.20
3.08 	 0.30 	 0.22
3.10 	 -0.10 	 0.17
3.12 	 0.30 	 0.09
3.15 	 0.10 	 0.01
3.17 	 0.10 	 -0.04
3.20 	 0.30 	 -0.05
3.23 	 0.20 	 -0.02
3.25 	 0.20 	 0.04
3.27 	 -0.30 	 0.12
3.30 	 0.20 	 0.19
3.33 	 -0.10 	 0.23
3.35 	 0.20 	 0.21
3.38 	 0.20 	 0.11
3.40 	 0.20 	 -0.04
3.42 	 0.30 	 -0.21
3.45 	 -0.20 	 -0.37
3.48 	 0.20 	 -0.48
3.50 	 0.20 	 -0.54
3.52 	 -0.20 	 -0.54
3.55 	 0.20 	 -0.48
3.58 	 -0.10 	 -0.38
3.60 	 0.30 	 -0.24
3.62 	 0.30 	 -0.11
3.65 	 0.30 	 0.01
3.67 	 0.40 	 0.07
3.70 	 0.40 	 0.09
3.73 	 0.20 	 0.08
3.75 	 0.10 	 0.05
3.77 	 0.10 	 0.02
3.80 	 0.10 	 -0.01
3.83 	 0.10 	 -0.04
3.85 	 0.10 	 -0.05
3.88 	 0.10 	 -0.05
3.90 	 0.10 	 -0.05
3.92 	 0.20 	 -0.06
3.95 	 0.30 	 -0.10
3.98 	 0.30 	 -0.18
4.00 	 0.10 	 -0.29
4.03 	 0.40 	 -0.37
4.05 	 0.20 	 -0.41
4.08 	 0.20 	 -0.39
4.10 	 0.30 	 -0.30
4.12 	 0.40 	 -0.16
4.15 	 -0.00 	 -0.00
4.17 	 0.40 	 0.17
4.20 	 0.30 	 0.32
4.22 	 0.30 	 0.45
4.25 	 0.20 	 0.52
4.28 	 0.20 	 0.55
4.30 	 0.20 	 0.55
4.33 	 0.30 	 0.54
4.35 	 0.20 	 0.54
4.38 	 0.30 	 0.56
4.40 	 0.20 	 0.58
4.42 	 0.10 	 0.59
4.45 	 0.00 	 0.57
4.47 	 0.00 	 0.51
4.50 	 -0.20 	 0.39
4.53 	 -0.10 	 0.23
4.55 	 0.20 	 0.03
4.58 	 -0.20 	 -0.16
4.60 	 -0.20 	 -0.28
4.62 	 -0.30 	 -0.31
4.65 	 0.00 	 -0.23
4.67 	 0.10 	 -0.07
4.70 	 0.10 	 0.12
4.72 	 0.20 	 0.30
4.75 	 0.20 	 0.44
4.78 	 0.20 	 0.54
4.80 	 0.20 	 0.59
4.83 	 0.20 	 0.61
4.85 	 -0.10 	 0.59
4.88 	 0.20 	 0.57
4.90 	 0.30 	 0.56
4.92 	 0.30 	 0.57
4.95 	 0.20 	 0.58
4.97 	 0.20 	 0.55
5.00 	 0.20 	 0.45
5.03 	 0.30 	 0.26
5.05 	 0.30 	 0.00
5.08 	 0.30 	 -0.28
5.10 	 -0.20 	 -0.56
5.12 	 4.10 	 -0.80
5.15 	 0.20 	 -0.96
5.17 	 4.40 	 -1.03
5.20 	 0.30 	 -1.00
5.22 	 4.30 	 -0.88
5.25 	 0.70 	 -0.71
5.28 	 4.20 	 -0.50
5.30 	 0.30 	 -0.31
5.33 	 4.00 	 -0.14
5.35 	 0.30 	 -0.00
5.38 	 4.30 	 0.11
5.40 	 0.20 	 0.21
5.42 	 4.10 	 0.28
5.45 	 0.50 	 0.31
5.47 	 4.30 	 0.29
5.50 	 0.80 	 0.21
5.53 	 4.20 	 0.06
5.55 	 0.60 	 -0.14
5.58 	 4.50 	 -0.35
5.60 	 0.90 	 -0.54
5.62 	 4.10 	 -0.65
5.65 	 0.80 	 -0.65
5.67 	 4.20 	 -0.57
5.70 	 0.90 	 -0.44
5.72 	 4.10 	 -0.32
5.75 	 0.90 	 -0.24
5.78 	 4.00 	 -0.22
5.80 	 2.10 	 -0.25
5.83 	 3.40 	 -0.28
5.85 	 3.30 	 -0.29
5.88 	 2.90 	 -0.27
5.90 	 2.90 	 -0.20
5.92 	 2.90 	 -0.09
5.95 	 3.00 	 0.05
5.97 	 2.90 	 0.19
6.00 	 3.00 	 0.30
6.03 	 3.20 	 0.37
6.05 	 3.40 	 0.37
6.08 	 3.60 	 0.30
6.10 	 3.60 	 0.17
6.12 	 3.90 	 -0.02
6.15 	 4.10 	 -0.24
6.17 	 4.30 	 -0.45
6.20 	 4.40 	 -0.63
6.22 	 4.20 	 -0.72
6.25 	 4.40 	 -0.69
6.28 	 4.50 	 -0.58
6.30 	 4.80 	 -0.41
6.33 	 5.30 	 -0.25
6.35 	 5.50 	 -0.12
6.38 	 5.90 	 -0.05
6.40 	 6.00 	 -0.01
6.42 	 6.60 	 0.02
6.45 	 6.70 	 0.04
6.47 	 7.10 	 0.09
6.50 	 7.50 	 0.17
6.53 	 7.90 	 0.30
6.55 	 8.50 	 0.44
6.58 	 7.80 	 0.58
6.60 	 9.50 	 0.65
6.62 	 7.90 	 0.63
6.65 	 11.10 	 0.52
6.67 	 9.00 	 0.35
6.70 	 12.30 	 0.19
6.72 	 9.70 	 0.09
6.75 	 10.30 	 0.09
6.78 	 10.10 	 0.18
6.80 	 10.50 	 0.35
6.83 	 11.00 	 0.56
6.85 	 10.60 	 0.75
6.88 	 10.50 	 0.85
6.90 	 12.00 	 0.83
6.92 	 10.30 	 0.69
6.95 	 14.20 	 0.48
6.97 	 10.20 	 0.27
7.00 	 14.60 	 0.10
7.03 	 10.50 	 0.01
7.05 	 14.40 	 0.01
7.08 	 10.30 	 0.07
7.10 	 14.90 	 0.17
7.12 	 11.20 	 0.27
7.15 	 15.00 	 0.36
7.17 	 11.70 	 0.40
7.20 	 15.50 	 0.36
7.22 	 12.60 	 0.25
7.25 	 12.80 	 0.08
7.28 	 13.00 	 -0.12
7.30 	 13.10 	 -0.31
7.33 	 13.00 	 -0.47
7.35 	 15.00 	 -0.57
7.38 	 13.10 	 -0.61
7.40 	 16.00 	 -0.59
7.42 	 12.60 	 -0.50
7.45 	 16.80 	 -0.40
7.47 	 12.80 	 -0.32
7.50 	 17.00 	 -0.30
7.53 	 12.80 	 -0.33
7.55 	 17.00 	 -0.41
7.58 	 13.30 	 -0.50
7.60 	 17.50 	 -0.55
7.62 	 14.10 	 -0.53
7.65 	 18.40 	 -0.42
7.67 	 14.70 	 -0.22
7.70 	 18.70 	 0.07
7.72 	 15.40 	 0.41
7.75 	 17.50 	 0.74
7.78 	 15.70 	 0.97
7.80 	 16.30 	 1.04
7.83 	 16.60 	 0.94
7.85 	 16.50 	 0.68
7.88 	 16.50 	 0.32
7.90 	 16.40 	 -0.08
7.92 	 16.40 	 -0.45
7.95 	 18.50 	 -0.74
7.97 	 16.20 	 -0.92
8.00 	 20.40 	 -0.97
8.03 	 16.20 	 -0.91
8.05 	 20.30 	 -0.77
8.07 	 16.30 	 -0.62
8.10 	 20.00 	 -0.51
8.12 	 17.30 	 -0.44
8.15 	 20.30 	 -0.39
8.18 	 17.60 	 -0.33
8.20 	 21.20 	 -0.23
8.22 	 18.10 	 -0.10
8.25 	 20.00 	 0.06
8.28 	 18.70 	 0.23
8.30 	 18.80 	 0.36
8.32 	 18.60 	 0.45
8.35 	 21.00 	 0.48
8.38 	 18.40 	 0.46
8.40 	 22.50 	 0.41
8.43 	 18.30 	 0.38
8.45 	 22.10 	 0.38
8.47 	 18.30 	 0.43
8.50 	 22.90 	 0.51
8.53 	 19.00 	 0.57
8.55 	 23.00 	 0.57
8.57 	 20.00 	 0.50
8.60 	 22.10 	 0.35
8.62 	 21.00 	 0.14
8.65 	 21.50 	 -0.11
8.68 	 21.10 	 -0.36
8.70 	 21.10 	 -0.58
8.72 	 20.80 	 -0.73
8.75 	 23.90 	 -0.76
8.78 	 20.60 	 -0.69
8.80 	 24.10 	 -0.54
8.82 	 21.20 	 -0.37
8.85 	 25.50 	 -0.21
8.88 	 21.60 	 -0.09
8.90 	 24.60 	 -0.03
8.93 	 21.80 	 -0.02
8.95 	 26.20 	 -0.02
8.97 	 22.30 	 -0.03
9.00 	 24.80 	 -0.02
9.03 	 23.30 	 0.02
9.05 	 23.10 	 0.08
9.07 	 23.10 	 0.17
9.10 	 24.30 	 0.27
9.12 	 22.30 	 0.36
9.15 	 26.60 	 0.45
9.18 	 22.50 	 0.53
9.20 	 26.80 	 0.60
9.22 	 23.50 	 0.65
9.25 	 27.10 	 0.65
9.28 	 22.60 	 0.59
9.30 	 27.00 	 0.47
9.32 	 24.20 	 0.30
9.35 	 27.20 	 0.11
9.38 	 24.80 	 -0.07
9.40 	 26.80 	 -0.24
9.43 	 25.50 	 -0.36
9.45 	 25.50 	 -0.44
9.47 	 25.30 	 -0.46
9.50 	 27.00 	 -0.45
9.53 	 24.90 	 -0.43
9.55 	 28.70 	 -0.42
9.57 	 24.70 	 -0.45
9.60 	 28.80 	 -0.50
9.62 	 25.90 	 -0.54
9.65 	 28.90 	 -0.55
9.68 	 25.90 	 -0.49
9.70 	 30.40 	 -0.36
9.72 	 26.60 	 -0.17
9.75 	 28.80 	 0.07
9.78 	 27.30 	 0.32
9.80 	 27.60 	 0.53
9.82 	 27.50 	 0.69
9.85 	 27.50 	 0.75
9.88 	 28.70 	 0.72
9.90 	 27.00 	 0.64
9.93 	 31.00 	 0.55
9.95 	 26.50 	 0.50
9.97 	 30.50 	 0.49
10.00 	 27.00 	 0.49
10.03 	 31.20 	 0.46
10.05 	 27.70 	 0.39
10.07 	 31.70 	 0.25
10.10 	 29.40 	 0.06
10.12 	 29.40 	 -0.16
10.15 	 30.00 	 -0.38
10.18 	 30.00 	 -0.56
10.20 	 29.90 	 -0.68
10.22 	 29.80 	 -0.72
10.25 	 29.90 	 -0.70
10.28 	 29.20 	 -0.66
10.30 	 33.50 	 -0.60
10.32 	 29.50 	 -0.56
10.35 	 33.70 	 -0.53
10.38 	 29.70 	 -0.49
10.40 	 33.50 	 -0.44
10.43 	 29.60 	 -0.37
10.45 	 34.40 	 -0.29
10.47 	 31.10 	 -0.18
10.50 	 32.20 	 -0.05
10.53 	 31.20 	 0.10
10.55 	 33.80 	 0.25
10.57 	 31.70 	 0.36
10.60 	 32.90 	 0.42
10.62 	 31.30 	 0.43
10.65 	 35.20 	 0.41
10.68 	 31.00 	 0.41
10.70 	 34.90 	 0.45
10.72 	 31.80 	 0.54
10.75 	 36.30 	 0.66
10.78 	 32.00 	 0.78
10.80 	 36.10 	 0.87
10.82 	 33.30 	 0.88
10.85 	 33.50 	 0.78
10.88 	 33.80 	 0.56
10.90 	 34.00 	 0.24
10.93 	 34.20 	 -0.12
10.95 	 34.00 	 -0.47
10.97 	 33.90 	 -0.74
11.00 	 35.50 	 -0.90
11.03 	 33.70 	 -0.96
11.05 	 37.60 	 -0.93
11.07 	 33.50 	 -0.85
11.10 	 37.60 	 -0.75
11.12 	 33.90 	 -0.65
11.15 	 37.90 	 -0.57
11.18 	 33.80 	 -0.51
11.20 	 37.80 	 -0.46
11.22 	 34.90 	 -0.38
11.25 	 38.60 	 -0.27
11.28 	 35.50 	 -0.09
11.30 	 38.10 	 0.13
11.32 	 36.10 	 0.36
11.35 	 36.40 	 0.55
11.38 	 36.70 	 0.69
11.40 	 36.30 	 0.76
11.43 	 38.40 	 0.80
11.45 	 36.10 	 0.79
11.47 	 40.10 	 0.75
11.50 	 36.10 	 0.67
11.53 	 40.20 	 0.53
11.55 	 36.00 	 0.35
11.57 	 39.70 	 0.10
11.60 	 36.40 	 -0.17
11.62 	 41.60 	 -0.45
11.65 	 37.50 	 -0.67
11.68 	 40.60 	 -0.80
11.70 	 38.90 	 -0.80
11.72 	 38.90 	 -0.70
11.75 	 38.70 	 -0.53
11.78 	 38.40 	 -0.35
11.80 	 40.30 	 -0.21
11.82 	 37.50 	 -0.13
11.85 	 41.50 	 -0.09
11.88 	 37.30 	 -0.09
11.90 	 41.00 	 -0.12
11.93 	 38.30 	 -0.16
11.95 	 42.50 	 -0.18
11.97 	 38.70 	 -0.14
12.00 	 42.50 	 -0.03
12.03 	 39.70 	 0.16
12.05 	 42.10 	 0.38
12.07 	 40.40 	 0.60
12.10 	 41.00 	 0.77
12.12 	 40.60 	 0.88
12.15 	 40.40 	 0.92
12.18 	 42.90 	 0.92
12.20 	 40.00 	 0.87
12.22 	 44.00 	 0.80
12.25 	 39.70 	 0.69
12.28 	 43.80 	 0.54
12.30 	 41.40 	 0.35
12.32 	 43.50 	 0.10
12.35 	 41.80 	 -0.17
12.38 	 43.20 	 -0.45
12.40 	 42.20 	 -0.68
12.43 	 42.10 	 -0.82
12.45 	 44.00 	 -0.85
12.47 	 41.80 	 -0.77
12.50 	 45.50 	 -0.64
12.53 	 41.70 	 -0.50
12.55 	 45.90 	 -0.40
12.57 	 41.90 	 -0.35
12.60 	 45.90 	 -0.34
12.62 	 41.90 	 -0.37
12.65 	 45.80 	 -0.41
12.68 	 42.30 	 -0.45
12.70 	 46.60 	 -0.44
12.72 	 42.90 	 -0.37
12.75 	 47.00 	 -0.23
12.78 	 44.30 	 -0.03
12.80 	 44.10 	 0.22
12.82 	 47.50 	 0.49
12.85 	 45.10 	 0.73
12.88 	 44.80 	 0.93
12.90 	 44.50 	 1.06
12.93 	 48.30 	 1.12
12.95 	 44.70 	 1.10
12.97 	 49.10 	 0.99
13.00 	 45.90 	 0.79
13.03 	 46.20 	 0.51
13.05 	 46.30 	 0.18
13.07 	 46.50 	 -0.19
13.10 	 46.40 	 -0.54
13.12 	 46.30 	 -0.84
13.15 	 46.10 	 -1.03
13.18 	 48.60 	 -1.09
13.20 	 45.60 	 -1.03
13.22 	 49.20 	 -0.88
13.25 	 45.50 	 -0.70
13.28 	 50.00 	 -0.51
13.30 	 46.50 	 -0.36
13.32 	 50.00 	 -0.24
13.35 	 47.60 	 -0.15
13.38 	 48.00 	 -0.11
13.40 	 47.90 	 -0.10
13.43 	 47.50 	 -0.12
13.45 	 51.30 	 -0.13
13.47 	 47.90 	 -0.09
13.50 	 51.30 	 0.00
13.53 	 48.10 	 0.16
13.55 	 51.90 	 0.36
13.57 	 47.80 	 0.59
13.60 	 51.70 	 0.83
13.62 	 49.10 	 1.06
13.65 	 49.20 	 1.20
13.68 	 50.30 	 1.22
13.70 	 48.70 	 1.08
13.72 	 52.60 	 0.79
13.75 	 49.80 	 0.39
13.78 	 50.60 	 -0.05
13.80 	 50.60 	 -0.48
13.82 	 50.40 	 -0.84
13.85 	 50.10 	 -1.10
13.88 	 52.60 	 -1.23
13.90 	 49.80 	 -1.19
13.93 	 53.50 	 -1.00
13.95 	 49.40 	 -0.72
13.97 	 52.80 	 -0.40
14.00 	 48.70 	 -0.14
14.03 	 52.60 	 0.00
14.05 	 49.70 	 0.02
14.07 	 54.30 	 -0.06
14.10 	 50.50 	 -0.18
14.12 	 54.30 	 -0.29
14.15 	 51.60 	 -0.31
14.18 	 55.00 	 -0.22
14.20 	 52.30 	 0.02
14.22 	 54.50 	 0.38
14.25 	 52.60 	 0.80
14.28 	 54.40 	 1.21
14.30 	 53.40 	 1.52
14.32 	 53.30 	 1.63
14.35 	 52.90 	 1.52
14.38 	 55.80 	 1.18
14.40 	 52.60 	 0.67
14.43 	 57.30 	 0.08
14.45 	 53.60 	 -0.49
14.47 	 56.60 	 -0.92
14.50 	 55.00 	 -1.15
14.53 	 54.90 	 -1.18
14.55 	 54.70 	 -1.05
14.57 	 54.20 	 -0.84
14.60 	 57.10 	 -0.63
14.62 	 53.70 	 -0.45
14.65 	 57.40 	 -0.32
14.68 	 53.40 	 -0.25
14.70 	 57.20 	 -0.22
14.72 	 54.20 	 -0.22
14.75 	 58.80 	 -0.20
14.78 	 54.90 	 -0.13
14.80 	 58.60 	 0.01
14.82 	 56.20 	 0.22
14.85 	 56.20 	 0.46
14.88 	 55.80 	 0.71
14.90 	 59.80 	 0.93
14.93 	 56.40 	 1.11
14.95 	 58.40 	 1.23
14.97 	 56.00 	 1.25
15.00 	 59.60 	 1.14
15.03 	 56.00 	 0.88
15.05 	 61.20 	 0.49
15.07 	 58.40 	 0.04
15.10 	 58.50 	 -0.39
15.12 	 58.50 	 -0.71
15.15 	 58.50 	 -0.89
15.18 	 58.30 	 -0.92
15.20 	 57.90 	 -0.83
15.22 	 60.00 	 -0.66
15.25 	 57.70 	 -0.49
15.28 	 61.50 	 -0.36
15.30 	 57.20 	 -0.33
15.32 	 61.30 	 -0.40
15.35 	 57.70 	 -0.54
15.38 	 61.50 	 -0.68
15.40 	 57.70 	 -0.76
15.43 	 61.40 	 -0.73
15.45 	 57.20 	 -0.59
15.47 	 60.70 	 -0.35
15.50 	 56.80 	 -0.05
15.53 	 61.50 	 0.27
15.55 	 58.30 	 0.59
15.57 	 61.60 	 0.85
15.60 	 58.80 	 1.02
15.62 	 62.40 	 1.09
15.65 	 59.10 	 1.03
15.68 	 63.80 	 0.84
15.70 	 61.00 	 0.54
15.72 	 62.40 	 0.18
15.75 	 63.10 	 -0.20
15.78 	 63.10 	 -0.52
15.80 	 62.70 	 -0.72
15.82 	 62.40 	 -0.78
15.85 	 62.10 	 -0.71
15.88 	 61.70 	 -0.57
15.90 	 63.80 	 -0.41
15.93 	 60.90 	 -0.30
15.95 	 64.80 	 -0.26
15.97 	 60.70 	 -0.28
16.00 	 64.40 	 -0.35
16.02 	 62.00 	 -0.43
16.05 	 66.10 	 -0.49
16.07 	 62.10 	 -0.48
16.10 	 66.30 	 -0.36
16.12 	 63.10 	 -0.11
16.15 	 65.30 	 0.24
16.18 	 63.70 	 0.65
16.20 	 64.10 	 1.04
16.23 	 63.80 	 1.33
16.25 	 65.60 	 1.50
16.27 	 63.40 	 1.54
16.30 	 66.90 	 1.43
16.32 	 63.20 	 1.19
16.35 	 68.10 	 0.82
16.38 	 65.40 	 0.37
16.40 	 65.80 	 -0.10
16.43 	 65.50 	 -0.51
16.45 	 65.50 	 -0.80
16.48 	 65.20 	 -0.94
16.50 	 67.30 	 -0.91
16.52 	 64.40 	 -0.76
16.55 	 68.00 	 -0.54
16.57 	 64.20 	 -0.30
16.60 	 68.20 	 -0.13
16.62 	 64.40 	 -0.08
16.65 	 68.50 	 -0.15
16.68 	 64.50 	 -0.31
16.70 	 68.50 	 -0.48
16.73 	 64.40 	 -0.57
16.75 	 68.20 	 -0.54
16.77 	 64.20 	 -0.37
16.80 	 67.60 	 -0.09
16.82 	 64.20 	 0.24
16.85 	 68.50 	 0.57
16.88 	 64.80 	 0.83
16.90 	 68.50 	 0.95
16.93 	 66.20 	 0.89
16.95 	 69.90 	 0.65
16.98 	 68.20 	 0.25
17.00 	 70.10 	 -0.20
17.02 	 69.10 	 -0.60
17.05 	 69.80 	 -0.88
17.07 	 69.40 	 -1.01
17.10 	 68.80 	 -0.97
17.12 	 70.40 	 -0.82
17.15 	 68.00 	 -0.59
17.18 	 71.50 	 -0.34
17.20 	 67.70 	 -0.12
17.23 	 71.60 	 0.01
17.25 	 68.10 	 0.05
17.27 	 71.60 	 0.02
17.30 	 68.00 	 -0.03
17.32 	 72.50 	 -0.04
17.35 	 69.00 	 0.00
17.38 	 72.30 	 0.13
17.40 	 70.20 	 0.35
17.43 	 73.30 	 0.65
17.45 	 70.90 	 1.00
17.48 	 72.30 	 1.35
17.50 	 70.80 	 1.61
17.52 	 75.20 	 1.69
17.55 	 72.00 	 1.55
17.57 	 72.50 	 1.17
17.60 	 73.40 	 0.61
17.62 	 73.40 	 -0.01
17.65 	 73.20 	 -0.57
17.68 	 73.10 	 -0.99
17.70 	 72.40 	 -1.21
17.73 	 72.10 	 -1.22
17.75 	 75.40 	 -1.07
17.77 	 71.70 	 -0.82
17.80 	 75.40 	 -0.57
17.82 	 71.40 	 -0.40
17.85 	 75.40 	 -0.35
17.88 	 71.70 	 -0.42
17.90 	 75.20 	 -0.54
17.93 	 72.10 	 -0.65
17.95 	 76.10 	 -0.68
17.98 	 72.80 	 -0.58
18.00 	 76.30 	 -0.33
18.02 	 73.70 	 0.05
18.05 	 76.80 	 0.54
18.07 	 74.60 	 1.05
18.10 	 74.60 	 1.48
18.12 	 76.00 	 1.73
18.15 	 74.90 	 1.72
18.18 	 76.40 	 1.44
18.20 	 75.50 	 0.91
18.23 	 76.10 	 0.22
18.25 	 76.20 	 -0.49
18.27 	 76.10 	 -1.10
18.30 	 75.70 	 -1.49
18.32 	 77.10 	 -1.62
18.35 	 74.90 	 -1.49
18.38 	 78.40 	 -1.18
18.40 	 74.00 	 -0.81
18.43 	 77.40 	 -0.49
18.45 	 73.50 	 -0.30
18.48 	 78.10 	 -0.24
18.50 	 75.30 	 -0.30
18.52 	 78.70 	 -0.40
18.55 	 75.80 	 -0.51
18.57 	 79.80 	 -0.55
18.60 	 76.10 	 -0.49
18.62 	 80.60 	 -0.30
18.65 	 77.20 	 0.03
18.68 	 81.10 	 0.46
18.70 	 78.30 	 0.95
18.73 	 78.00 	 1.41
18.75 	 80.90 	 1.78
18.77 	 78.70 	 2.00
18.80 	 78.30 	 2.01
18.82 	 80.90 	 1.76
18.85 	 78.50 	 1.28
18.88 	 83.50 	 0.63
18.90 	 81.00 	 -0.07
18.93 	 81.20 	 -0.67
18.95 	 81.00 	 -1.08
18.98 	 80.60 	 -1.26
19.00 	 80.10 	 -1.24
19.02 	 79.60 	 -1.09
19.05 	 82.30 	 -0.88
19.07 	 78.60 	 -0.68
19.10 	 82.00 	 -0.53
19.12 	 78.30 	 -0.46
19.15 	 82.50 	 -0.46
19.18 	 80.10 	 -0.51
19.20 	 83.80 	 -0.56
19.23 	 80.10 	 -0.56
19.25 	 84.60 	 -0.47
19.27 	 80.90 	 -0.26
19.30 	 84.50 	 0.06
19.32 	 82.10 	 0.47
19.35 	 81.70 	 0.95
19.38 	 83.90 	 1.42
19.40 	 82.60 	 1.81
19.43 	 82.10 	 2.02
19.45 	 83.60 	 1.95
19.48 	 81.50 	 1.57
19.50 	 85.60 	 0.93
19.52 	 82.40 	 0.14
19.55 	 86.20 	 -0.65
19.57 	 83.30 	 -1.31
19.60 	 83.60 	 -1.72
19.62 	 83.30 	 -1.86
19.65 	 84.50 	 -1.72
19.68 	 82.40 	 -1.37
19.70 	 85.60 	 -0.92
19.73 	 82.00 	 -0.46
19.75 	 85.60 	 -0.12
19.77 	 82.10 	 0.06
19.80 	 85.70 	 0.08
19.82 	 82.00 	 -0.01
19.85 	 86.20 	 -0.16
19.88 	 83.20 	 -0.30
19.90 	 86.30 	 -0.38
19.93 	 83.60 	 -0.36
19.95 	 87.60 	 -0.21
19.98 	 84.10 	 0.10
20.00 	 88.30 	 0.56
20.02 	 84.70 	 1.12
20.05 	 88.60 	 1.70
20.07 	 85.90 	 2.18
20.10 	 87.10 	 2.45
20.12 	 86.70 	 2.41
20.15 	 86.80 	 2.01
20.18 	 87.30 	 1.28
20.20 	 88.10 	 0.33
20.23 	 88.20 	 -0.63
20.25 	 88.30 	 -1.42
20.27 	 88.00 	 -1.90
20.30 	 87.40 	 -2.01
20.32 	 86.90 	 -1.81
20.35 	 90.10 	 -1.42
20.38 	 85.80 	 -0.97
20.40 	 90.10 	 -0.57
20.43 	 87.00 	 -0.29
20.45 	 90.80 	 -0.14
20.48 	 87.30 	 -0.12
20.50 	 91.80 	 -0.17
20.52 	 88.50 	 -0.21
20.55 	 89.50 	 -0.22
20.57 	 88.90 	 -0.17
20.60 	 88.80 	 -0.06
20.62 	 90.00 	 0.09
20.65 	 88.10 	 0.27
20.68 	 91.40 	 0.49
20.70 	 87.40 	 0.76
20.73 	 90.90 	 1.06
20.75 	 87.40 	 1.34
20.77 	 91.60 	 1.51
20.80 	 88.20 	 1.51
20.82 	 91.70 	 1.29
20.85 	 90.20 	 0.84
20.88 	 93.20 	 0.22
20.90 	 92.30 	 -0.47
20.93 	 93.10 	 -1.10
20.95 	 92.90 	 -1.54
20.98 	 92.30 	 -1.73
21.00 	 91.80 	 -1.67
21.02 	 91.10 	 -1.41
21.05 	 93.30 	 -1.06
21.07 	 90.00 	 -0.72
21.10 	 93.40 	 -0.45
21.12 	 89.80 	 -0.28
21.15 	 93.30 	 -0.20
21.18 	 90.10 	 -0.17
21.20 	 94.50 	 -0.16
21.23 	 91.10 	 -0.15
21.25 	 94.10 	 -0.12
21.27 	 91.50 	 -0.06
21.30 	 95.00 	 0.04
21.32 	 91.60 	 0.18
21.35 	 96.00 	 0.36
21.38 	 92.30 	 0.59
21.40 	 96.20 	 0.88
21.43 	 93.50 	 1.20
21.45 	 94.90 	 1.51
21.48 	 94.30 	 1.71
21.50 	 94.00 	 1.70
21.52 	 95.60 	 1.43
21.55 	 94.60 	 0.89
21.57 	 95.80 	 0.17
21.60 	 96.20 	 -0.59
21.62 	 96.30 	 -1.23
21.65 	 95.70 	 -1.66
21.68 	 95.20 	 -1.82
21.70 	 94.50 	 -1.74
21.73 	 97.50 	 -1.46
21.75 	 93.60 	 -1.08
21.77 	 97.10 	 -0.67
21.80 	 93.40 	 -0.33
21.82 	 96.90 	 -0.09
21.85 	 93.30 	 0.05
21.88 	 97.70 	 0.12
21.90 	 94.90 	 0.15
21.93 	 97.90 	 0.17
21.95 	 95.10 	 0.19
21.98 	 99.00 	 0.23
22.00 	 95.00 	 0.31
22.02 	 99.50 	 0.43
22.05 	 96.30 	 0.63
22.07 	 99.50 	 0.89
22.10 	 97.00 	 1.18
22.12 	 100.40 	 1.44
22.15 	 98.20 	 1.59
22.18 	 98.10 	 1.55
22.20 	 99.40 	 1.27
22.23 	 100.30 	 0.75
22.25 	 100.80 	 0.05
22.27 	 100.90 	 -0.69
22.30 	 100.80 	 -1.29
22.32 	 100.10 	 -1.64
22.35 	 99.40 	 -1.70
22.38 	 98.70 	 -1.51
22.40 	 101.70 	 -1.14
22.43 	 97.50 	 -0.72
22.45 	 100.80 	 -0.32
22.48 	 97.40 	 -0.03
22.50 	 101.10 	 0.14
22.52 	 98.80 	 0.20
22.55 	 102.10 	 0.18
22.57 	 98.70 	 0.15
22.60 	 102.80 	 0.16
22.62 	 98.90 	 0.24
22.65 	 102.70 	 0.39
22.68 	 100.50 	 0.60
22.70 	 102.10 	 0.83
22.73 	 101.00 	 1.06
22.75 	 102.60 	 1.26
22.77 	 100.50 	 1.41
22.80 	 104.30 	 1.49
22.82 	 101.60 	 1.43
22.85 	 102.70 	 1.19
22.88 	 101.90 	 0.74
22.90 	 104.50 	 0.11
22.93 	 104.00 	 -0.59
22.95 	 104.30 	 -1.24
22.98 	 103.90 	 -1.71
23.00 	 103.20 	 -1.93
23.02 	 102.60 	 -1.89
23.05 	 104.20 	 -1.66
23.07 	 101.30 	 -1.32
23.10 	 104.10 	 -0.98
23.12 	 100.40 	 -0.71
23.15 	 104.00 	 -0.54
23.18 	 100.20 	 -0.49
23.20 	 103.60 	 -0.51
23.23 	 102.10 	 -0.53
23.25 	 103.30 	 -0.53
23.27 	 103.80 	 -0.48
23.30 	 103.90 	 -0.35
23.32 	 104.60 	 -0.16
23.35 	 103.20 	 0.08
23.38 	 106.20 	 0.36
23.40 	 104.70 	 0.67
23.43 	 106.80 	 0.98
23.45 	 105.80 	 1.28
23.48 	 106.10 	 1.53
23.50 	 106.20 	 1.70
23.52 	 106.00 	 1.75
23.55 	 105.80 	 1.64
23.57 	 108.00 	 1.33
23.60 	 107.20 	 0.82
23.62 	 107.70 	 0.20
23.65 	 107.50 	 -0.45
23.68 	 107.10 	 -0.99
23.70 	 106.20 	 -1.36
23.73 	 109.30 	 -1.51
23.75 	 105.00 	 -1.46
23.77 	 107.80 	 -1.24
23.80 	 104.80 	 -0.94
23.82 	 108.80 	 -0.62
23.85 	 105.60 	 -0.35
23.88 	 109.00 	 -0.18
23.90 	 105.80 	 -0.09
23.93 	 109.90 	 -0.06
23.95 	 106.40 	 -0.04
23.98 	 109.70 	 0.00
24.00 	 107.50 	 0.08
24.02 	 110.30 	 0.19
24.05 	 108.00 	 0.31
24.07 	 111.40 	 0.45
24.10 	 108.30 	 0.62
24.12 	 112.40 	 0.81
24.15 	 109.20 	 1.00
24.18 	 111.10 	 1.15
24.20 	 110.00 	 1.21
24.23 	 110.00 	 1.14
24.25 	 110.50 	 0.93
24.27 	 111.00 	 0.59
24.30 	 111.20 	 0.17
24.32 	 111.10 	 -0.26
24.35 	 110.40 	 -0.60
24.38 	 109.70 	 -0.81
24.40 	 112.30 	 -0.87
24.43 	 108.80 	 -0.79
24.45 	 112.20 	 -0.64
24.48 	 108.40 	 -0.49
24.50 	 112.30 	 -0.37
24.52 	 109.00 	 -0.31
24.55 	 112.40 	 -0.28
24.57 	 108.80 	 -0.25
24.60 	 111.90 	 -0.21
24.62 	 109.40 	 -0.14
24.65 	 112.80 	 -0.03
24.68 	 109.20 	 0.12
24.70 	 112.80 	 0.30
24.73 	 110.50 	 0.49
24.75 	 113.20 	 0.65
24.77 	 110.80 	 0.73
24.80 	 114.30 	 0.71
24.82 	 111.10 	 0.60
24.85 	 115.60 	 0.40
24.88 	 112.70 	 0.15
24.90 	 117.60 	 -0.13
24.93 	 115.70 	 -0.39
24.95 	 115.80 	 -0.59
24.98 	 116.40 	 -0.69
25.00 	 115.90 	 -0.71
25.02 	 115.10 	 -0.66
25.05 	 113.90 	 -0.59
25.07 	 117.10 	 -0.52
25.10 	 113.30 	 -0.44
25.12 	 116.70 	 -0.35
25.15 	 113.40 	 -0.24
25.18 	 116.40 	 -0.13
25.20 	 112.70 	 -0.03
25.23 	 116.70 	 0.04
25.25 	 114.00 	 0.11
25.27 	 116.90 	 0.17
25.30 	 113.60 	 0.24
25.32 	 117.60 	 0.32
25.35 	 114.50 	 0.38
25.38 	 117.40 	 0.43
25.40 	 115.10 	 0.47
25.43 	 118.10 	 0.50
25.45 	 115.50 	 0.52
25.48 	 119.40 	 0.50
25.50 	 116.20 	 0.44
25.52 	 121.10 	 0.32
25.55 	 119.10 	 0.16
25.57 	 119.70 	 -0.01
25.60 	 120.40 	 -0.17
25.62 	 119.90 	 -0.30
25.65 	 119.20 	 -0.40
25.68 	 118.40 	 -0.48
25.70 	 117.70 	 -0.53
25.73 	 120.70 	 -0.55
25.75 	 117.00 	 -0.53
25.77 	 120.50 	 -0.48
25.80 	 116.90 	 -0.39
25.82 	 120.00 	 -0.30
25.85 	 117.60 	 -0.19
25.88 	 121.00 	 -0.10
25.90 	 117.60 	 -0.03
25.93 	 121.00 	 -0.01
25.95 	 118.70 	 -0.03
25.98 	 121.30 	 -0.06
26.00 	 119.40 	 -0.07
26.02 	 122.30 	 -0.00
26.05 	 119.90 	 0.14
26.07 	 122.20 	 0.35
26.10 	 120.30 	 0.57
26.12 	 122.30 	 0.76
26.15 	 121.10 	 0.88
26.18 	 121.30 	 0.89
26.20 	 121.90 	 0.75
26.23 	 122.30 	 0.48
26.25 	 122.00 	 0.13
26.27 	 121.60 	 -0.24
26.30 	 121.00 	 -0.53
26.32 	 124.00 	 -0.70
26.35 	 119.60 	 -0.74
26.38 	 122.40 	 -0.68
26.40 	 119.70 	 -0.56
26.43 	 123.90 	 -0.43
26.45 	 120.00 	 -0.31
26.48 	 123.50 	 -0.22
26.50 	 121.30 	 -0.15
26.52 	 124.70 	 -0.11
26.55 	 121.30 	 -0.10
26.57 	 125.10 	 -0.09
26.60 	 122.10 	 -0.03
26.62 	 125.40 	 0.07
26.65 	 123.10 	 0.22
26.68 	 126.00 	 0.40
26.70 	 124.10 	 0.55
26.73 	 123.90 	 0.66
26.75 	 124.90 	 0.72
26.77 	 124.20 	 0.72
26.80 	 125.90 	 0.68
26.82 	 124.70 	 0.59
26.85 	 125.10 	 0.46
26.88 	 125.10 	 0.30
26.90 	 124.80 	 0.13
26.93 	 126.10 	 -0.03
26.95 	 123.60 	 -0.17
26.98 	 126.50 	 -0.32
27.00 	 122.50 	 -0.47
27.02 	 125.50 	 -0.60
27.05 	 123.70 	 -0.69
27.07 	 125.10 	 -0.72
27.10 	 124.90 	 -0.67
27.12 	 126.10 	 -0.57
27.15 	 124.80 	 -0.42
27.18 	 126.80 	 -0.24
27.20 	 125.50 	 -0.05
27.23 	 128.60 	 0.15
27.25 	 126.90 	 0.34
27.27 	 128.10 	 0.49
27.30 	 127.60 	 0.60
27.32 	 127.50 	 0.64
27.35 	 127.70 	 0.63
27.38 	 127.30 	 0.56
27.40 	 129.80 	 0.45
27.43 	 127.40 	 0.31
27.45 	 131.30 	 0.17
27.48 	 128.60 	 0.03
27.50 	 128.90 	 -0.08
27.52 	 128.80 	 -0.18
27.55 	 128.20 	 -0.27
27.57 	 131.10 	 -0.35
27.60 	 126.50 	 -0.41
27.62 	 129.20 	 -0.45
27.65 	 126.20 	 -0.46
27.68 	 130.30 	 -0.45
27.70 	 127.10 	 -0.42
27.73 	 129.70 	 -0.38
27.75 	 127.20 	 -0.34
27.77 	 131.10 	 -0.26
27.80 	 127.50 	 -0.17
27.82 	 131.30 	 -0.06
27.85 	 128.70 	 0.04
27.88 	 131.40 	 0.11
27.90 	 129.40 	 0.14
27.93 	 132.50 	 0.16
27.95 	 130.40 	 0.18
27.98 	 133.60 	 0.20
28.00 	 131.10 	 0.24
28.02 	 133.30 	 0.28
28.05 	 131.10 	 0.32
28.07 	 135.10 	 0.38
28.10 	 133.20 	 0.44
28.12 	 133.60 	 0.47
28.15 	 133.80 	 0.45
28.18 	 133.60 	 0.35
28.20 	 132.90 	 0.17
28.23 	 132.20 	 -0.03
28.25 	 134.40 	 -0.22
28.27 	 130.90 	 -0.38
28.30 	 134.30 	 -0.49
28.32 	 130.50 	 -0.56
28.35 	 133.70 	 -0.60
28.38 	 130.00 	 -0.62
28.40 	 133.30 	 -0.63
28.43 	 132.10 	 -0.64
28.45 	 133.40 	 -0.64
28.48 	 133.00 	 -0.60
28.50 	 133.70 	 -0.51
28.52 	 133.30 	 -0.37
28.55 	 134.50 	 -0.19
28.57 	 133.60 	 0.01
28.60 	 136.50 	 0.20
28.62 	 134.80 	 0.37
28.65 	 136.70 	 0.54
28.68 	 135.80 	 0.70
28.70 	 136.20 	 0.84
28.73 	 136.40 	 0.92
28.75 	 135.80 	 0.95
28.77 	 135.50 	 0.91
28.80 	 137.60 	 0.82
28.82 	 136.00 	 0.68
28.85 	 136.40 	 0.50
28.88 	 136.30 	 0.27
28.90 	 135.30 	 0.02
28.93 	 138.30 	 -0.22
28.95 	 134.00 	 -0.41
28.98 	 136.80 	 -0.51
29.00 	 133.20 	 -0.55
29.02 	 136.10 	 -0.53
29.05 	 137.20 	 -0.50
29.07 	 135.00 	 -0.44
29.10 	 137.80 	 -0.38
29.12 	 135.60 	 -0.30
29.15 	 139.40 	 -0.21
29.18 	 136.40 	 -0.13
29.20 	 140.20 	 -0.05
29.23 	 137.20 	 0.03
29.25 	 141.20 	 0.12
29.27 	 138.60 	 0.22
29.30 	 139.20 	 0.32
29.32 	 139.10 	 0.37
29.35 	 138.80 	 0.38
29.38 	 140.30 	 0.33
29.40 	 137.80 	 0.25
29.43 	 141.00 	 0.16
29.45 	 138.10 	 0.06
29.48 	 141.90 	 -0.04
29.50 	 139.10 	 -0.14
29.52 	 142.70 	 -0.23
29.55 	 139.70 	 -0.31
29.57 	 141.90 	 -0.36
29.60 	 139.70 	 -0.39
29.62 	 142.50 	 -0.38
29.65 	 138.60 	 -0.35
29.68 	 141.90 	 -0.29
29.70 	 139.70 	 -0.21
29.73 	 142.50 	 -0.14
29.75 	 139.90 	 -0.08
29.77 	 143.70 	 -0.04
29.80 	 140.20 	 -0.00
29.82 	 144.20 	 0.05
29.85 	 141.30 	 0.13
29.88 	 144.40 	 0.23
29.90 	 142.20 	 0.32
29.93 	 141.80 	 0.37
29.95 	 145.50 	 0.40
29.98 	 142.80 	 0.39
30.00 	 142.50 	 0.34
30.02 	 143.80 	 0.24
30.05 	 142.00 	 0.09
30.07 	 145.50 	 -0.09
30.10 	 142.20 	 -0.27
30.12 	 145.40 	 -0.41
30.15 	 141.50 	 -0.49
30.18 	 145.00 	 -0.50
30.20 	 141.60 	 -0.45
30.23 	 145.10 	 -0.38
30.25 	 143.70 	 -0.30
30.27 	 147.40 	 -0.20
30.30 	 143.30 	 -0.09
30.32 	 146.50 	 0.04
30.35 	 143.50 	 0.15
30.38 	 145.90 	 0.25
30.40 	 143.50 	 0.30
30.43 	 147.30 	 0.30
30.45 	 144.00 	 0.26
30.48 	 147.50 	 0.19
30.50 	 144.70 	 0.11
30.52 	 147.60 	 0.06
30.55 	 145.80 	 0.08
30.57 	 145.30 	 0.15
30.60 	 148.70 	 0.28
30.62 	 146.30 	 0.42
30.65 	 145.80 	 0.52
30.68 	 148.90 	 0.57
30.70 	 146.00 	 0.55
30.73 	 149.50 	 0.47
30.75 	 146.60 	 0.34
30.77 	 148.20 	 0.19
30.80 	 146.30 	 0.01
30.82 	 150.20 	 -0.16
30.85 	 146.90 	 -0.30
30.88 	 149.50 	 -0.38
30.90 	 146.90 	 -0.39
30.93 	 150.90 	 -0.33
30.95 	 147.40 	 -0.22
30.98 	 150.90 	 -0.08
31.00 	 149.10 	 0.06
31.02 	 149.00 	 0.14
31.05 	 148.20 	 0.15
31.07 	 151.00 	 0.06
31.10 	 147.90 	 -0.10
31.12 	 151.20 	 -0.27
31.15 	 147.90 	 -0.42
31.18 	 150.80 	 -0.51
31.20 	 147.20 	 -0.52
31.23 	 150.20 	 -0.47
31.25 	 146.70 	 -0.37
31.27 	 150.80 	 -0.24
31.30 	 147.50 	 -0.12
31.32 	 150.50 	 -0.02
31.35 	 147.50 	 0.03
31.38 	 151.80 	 0.03
31.40 	 148.10 	 -0.01
31.43 	 151.60 	 -0.08
31.45 	 149.30 	 -0.13
31.48 	 151.90 	 -0.16
31.50 	 150.20 	 -0.17
31.52 	 152.80 	 -0.17
31.55 	 150.60 	 -0.16
31.57 	 153.90 	 -0.14
31.60 	 150.90 	 -0.09
31.62 	 154.80 	 -0.02
31.65 	 151.70 	 0.08
31.68 	 154.80 	 0.21
31.70 	 152.60 	 0.35
31.73 	 152.30 	 0.49
31.75 	 155.50 	 0.61
31.77 	 153.50 	 0.66
31.80 	 153.10 	 0.62
31.82 	 152.60 	 0.48
31.85 	 155.50 	 0.29
31.88 	 151.70 	 0.10
31.90 	 154.90 	 -0.04
31.93 	 151.10 	 -0.12
31.95 	 154.30 	 -0.16
31.98 	 151.70 	 -0.18
32.00 	 155.10 	 -0.18
32.02 	 151.40 	 -0.17
32.05 	 155.30 	 -0.14
32.08 	 152.70 	 -0.11
32.10 	 155.30 	 -0.07
32.12 	 153.00 	 -0.06
32.15 	 156.40 	 -0.06
32.17 	 153.00 	 -0.07
32.20 	 157.30 	 -0.11
32.23 	 154.10 	 -0.16
32.25 	 157.20 	 -0.21
32.27 	 154.90 	 -0.25
32.30 	 157.60 	 -0.24
32.33 	 155.80 	 -0.18
32.35 	 157.00 	 -0.07
32.38 	 155.80 	 0.08
32.40 	 159.50 	 0.23
32.42 	 156.10 	 0.37
32.45 	 159.30 	 0.47
32.48 	 157.20 	 0.50
32.50 	 157.00 	 0.43
32.52 	 156.50 	 0.27
32.55 	 159.40 	 0.06
32.58 	 156.10 	 -0.13
32.60 	 159.90 	 -0.26
32.62 	 156.40 	 -0.29
32.65 	 159.40 	 -0.23
32.67 	 155.80 	 -0.10
32.70 	 159.20 	 0.03
32.73 	 156.90 	 0.14
32.75 	 159.80 	 0.20
32.77 	 156.50 	 0.20
32.80 	 160.00 	 0.14
32.83 	 157.30 	 0.02
32.85 	 159.80 	 -0.14
32.88 	 157.90 	 -0.28
32.90 	 160.90 	 -0.39
32.92 	 158.20 	 -0.43
32.95 	 161.60 	 -0.38
32.98 	 158.60 	 -0.28
33.00 	 161.90 	 -0.12
33.02 	 159.60 	 0.05
33.05 	 161.80 	 0.21
33.08 	 160.40 	 0.33
33.10 	 159.80 	 0.39
33.12 	 162.60 	 0.39
33.15 	 160.70 	 0.34
33.17 	 160.90 	 0.26
33.20 	 160.30 	 0.16
33.23 	 162.80 	 0.06
33.25 	 159.40 	 -0.04
33.27 	 162.40 	 -0.14
33.30 	 159.80 	 -0.23
33.33 	 163.10 	 -0.29
33.35 	 159.80 	 -0.34
33.38 	 163.00 	 -0.37
33.40 	 160.90 	 -0.37
33.42 	 163.30 	 -0.35
33.45 	 161.30 	 -0.29
33.48 	 164.20 	 -0.20
33.50 	 161.40 	 -0.09
33.52 	 165.00 	 0.03
33.55 	 161.90 	 0.14
33.58 	 165.40 	 0.26
33.60 	 162.40 	 0.36
33.62 	 165.60 	 0.45
33.65 	 163.60 	 0.49
33.67 	 163.30 	 0.47
33.70 	 165.80 	 0.39
33.73 	 163.80 	 0.28
33.75 	 165.00 	 0.14
33.77 	 163.10 	 0.01
33.80 	 165.60 	 -0.11
33.83 	 162.50 	 -0.22
33.85 	 165.80 	 -0.30
33.88 	 163.70 	 -0.35
33.90 	 166.70 	 -0.35
33.92 	 163.00 	 -0.30
33.95 	 166.00 	 -0.23
33.98 	 163.40 	 -0.16
34.00 	 166.10 	 -0.11
34.02 	 163.20 	 -0.07
34.05 	 166.90 	 -0.03
34.08 	 164.40 	 0.01
34.10 	 166.80 	 0.03
34.12 	 164.80 	 0.03
34.15 	 167.60 	 0.01
34.17 	 164.70 	 -0.00
34.20 	 168.60 	 0.00
34.23 	 165.50 	 0.03
34.25 	 169.20 	 0.07
34.27 	 166.10 	 0.11
34.30 	 168.80 	 0.12
34.33 	 167.30 	 0.12
34.35 	 168.00 	 0.10
34.38 	 167.20 	 0.06
34.40 	 170.90 	 -0.02
34.42 	 166.90 	 -0.11
34.45 	 169.90 	 -0.19
34.48 	 167.80 	 -0.23
34.50 	 170.70 	 -0.22
34.52 	 167.50 	 -0.16
34.55 	 171.50 	 -0.07
34.58 	 168.10 	 0.03
34.60 	 171.20 	 0.13
34.62 	 169.10 	 0.21
34.65 	 168.70 	 0.27
34.67 	 171.80 	 0.31
34.70 	 169.30 	 0.32
34.73 	 171.10 	 0.30
34.75 	 168.70 	 0.27
34.77 	 171.70 	 0.21
34.80 	 169.20 	 0.13
34.83 	 172.60 	 0.03
34.85 	 169.10 	 -0.08
34.88 	 171.90 	 -0.16
34.90 	 169.70 	 -0.21
34.92 	 172.40 	 -0.21
34.95 	 169.30 	 -0.17
34.98 	 173.50 	 -0.12
35.00 	 170.40 	 -0.05
35.02 	 173.20 	 0.02
35.05 	 171.20 	 0.09
35.08 	 172.80 	 0.14
35.10 	 171.20 	 0.18
35.12 	 174.70 	 0.16
35.15 	 171.40 	 0.11
35.17 	 174.40 	 0.04
35.20 	 172.10 	 -0.03
35.23 	 173.50 	 -0.08
35.25 	 172.00 	 -0.13
35.27 	 175.80 	 -0.15
35.30 	 172.40 	 -0.17
35.33 	 174.90 	 -0.14
35.35 	 172.20 	 -0.08
35.38 	 175.60 	 0.02
35.40 	 171.80 	 0.14
35.42 	 176.00 	 0.23
35.45 	 173.50 	 0.29
35.48 	 175.00 	 0.29
35.50 	 173.80 	 0.24
35.52 	 175.60 	 0.15
35.55 	 173.20 	 0.02
35.58 	 176.60 	 -0.11
35.60 	 174.40 	 -0.23
35.62 	 176.00 	 -0.30
35.65 	 173.30 	 -0.31
35.67 	 176.70 	 -0.28
35.70 	 174.30 	 -0.23
35.73 	 176.90 	 -0.18
35.75 	 173.50 	 -0.16
35.77 	 177.40 	 -0.16
35.80 	 174.60 	 -0.18
35.83 	 177.00 	 -0.23
35.85 	 175.20 	 -0.27
35.88 	 178.10 	 -0.30
35.90 	 175.00 	 -0.28
35.92 	 178.80 	 -0.21
35.95 	 175.70 	 -0.12
35.98 	 178.50 	 -0.02
36.00 	 176.40 	 0.05
36.02 	 179.00 	 0.10
36.05 	 177.20 	 0.13
36.08 	 177.70 	 0.14
36.10 	 176.80 	 0.12
36.12 	 180.20 	 0.08
36.15 	 177.10 	 0.04
36.17 	 179.80 	 0.02
36.20 	 176.20 	 0.03
36.23 	 180.10 	 0.07
36.25 	 177.30 	 0.11
36.27 	 179.90 	 0.14
36.30 	 176.60 	 0.14
36.33 	 180.10 	 0.14
36.35 	 177.30 	 0.14
36.38 	 179.70 	 0.15
36.40 	 177.80 	 0.18
36.42 	 181.10 	 0.21
36.45 	 178.10 	 0.24
36.48 	 181.60 	 0.25
36.50 	 178.20 	 0.25
36.52 	 181.80 	 0.23
36.55 	 179.20 	 0.18
36.58 	 182.00 	 0.13
36.60 	 180.10 	 0.09
36.62 	 181.40 	 0.06
36.65 	 180.40 	 0.03
36.67 	 182.40 	 0.01
36.70 	 180.00 	 -0.01
36.73 	 183.30 	 -0.03
36.75 	 181.00 	 -0.03
36.77 	 182.20 	 -0.01
36.80 	 179.90 	 0.01
36.83 	 183.50 	 0.02
36.85 	 180.90 	 -0.00
36.88 	 183.70 	 -0.03
36.90 	 180.10 	 -0.06
36.92 	 183.40 	 -0.06
36.95 	 181.10 	 -0.06
36.98 	 183.20 	 -0.07
37.00 	 181.10 	 -0.10
37.02 	 184.40 	 -0.15
37.05 	 181.10 	 -0.20
37.08 	 184.80 	 -0.23
37.10 	 181.80 	 -0.24
37.12 	 184.70 	 -0.21
37.15 	 182.70 	 -0.15
37.17 	 185.20 	 -0.06
37.20 	 183.30 	 0.02
37.23 	 185.70 	 0.09
37.25 	 183.90 	 0.13
37.27 	 185.50 	 0.14
37.30 	 184.00 	 0.14
37.33 	 187.10 	 0.15
37.35 	 184.20 	 0.19
37.38 	 186.80 	 0.24
37.40 	 184.90 	 0.25
37.42 	 185.80 	 0.20
37.45 	 184.10 	 0.08
37.48 	 187.40 	 -0.06
37.50 	 184.90 	 -0.19
37.52 	 187.60 	 -0.29
37.55 	 183.60 	 -0.33
37.58 	 187.10 	 -0.32
37.60 	 184.70 	 -0.27
37.62 	 187.40 	 -0.21
37.65 	 184.20 	 -0.14
37.68 	 187.70 	 -0.09
37.70 	 184.90 	 -0.05
37.73 	 187.50 	 -0.03
37.75 	 185.40 	 -0.00
37.78 	 188.20 	 0.02
37.80 	 185.40 	 0.03
37.83 	 189.10 	 0.02
37.85 	 185.70 	 -0.02
37.88 	 189.20 	 -0.06
37.91 	 186.60 	 -0.09
37.93 	 189.20 	 -0.09
37.96 	 187.20 	 -0.07
37.98 	 189.80 	 -0.07
38.01 	 188.00 	 -0.08
38.03 	 190.70 	 -0.12
38.06 	 188.30 	 -0.18
38.09 	 191.10 	 -0.23
38.11 	 188.60 	 -0.26
38.14 	 192.00 	 -0.24
38.16 	 188.90 	 -0.16
38.19 	 192.60 	 -0.01
38.22 	 189.50 	 0.19
38.24 	 191.40 	 0.38
38.27 	 190.20 	 0.52
38.29 	 189.70 	 0.57
38.32 	 191.60 	 0.52
38.35 	 189.10 	 0.39
38.37 	 192.30 	 0.22
38.40 	 189.40 	 0.05
38.42 	 192.10 	 -0.09
38.45 	 188.60 	 -0.19
38.48 	 191.30 	 -0.25
38.50 	 187.90 	 -0.26
38.53 	 190.60 	 -0.23
38.55 	 191.60 	 -0.18
38.58 	 188.60 	 -0.12
38.61 	 192.20 	 -0.05
38.63 	 189.20 	 0.02
38.66 	 192.30 	 0.08
38.68 	 190.10 	 0.13
38.71 	 192.60 	 0.14
38.74 	 190.80 	 0.12
38.76 	 193.20 	 0.08
38.79 	 191.60 	 0.05
38.81 	 194.00 	 0.05
38.84 	 191.80 	 0.09
38.87 	 194.50 	 0.14
38.89 	 192.60 	 0.20
38.92 	 195.20 	 0.24
38.94 	 193.10 	 0.27
38.97 	 196.10 	 0.26
39.00 	 193.70 	 0.23
39.02 	 195.90 	 0.18
39.05 	 193.60 	 0.13
39.07 	 197.30 	 0.11
39.10 	 193.80 	 0.11
39.13 	 197.10 	 0.12
39.15 	 194.80 	 0.12
39.18 	 195.80 	 0.08
39.20 	 194.70 	 0.00
39.23 	 198.00 	 -0.09
39.26 	 194.70 	 -0.18
39.28 	 196.80 	 -0.26
39.31 	 194.50 	 -0.29
39.33 	 197.80 	 -0.29
39.36 	 194.40 	 -0.24
39.39 	 197.40 	 -0.18
39.41 	 195.00 	 -0.11
39.44 	 197.50 	 -0.08
39.46 	 195.40 	 -0.09
39.49 	 198.60 	 -0.12
39.52 	 195.40 	 -0.16
39.54 	 198.80 	 -0.17
39.57 	 195.70 	 -0.16
39.59 	 198.90 	 -0.12
39.62 	 196.60 	 -0.07
39.65 	 198.90 	 -0.01
39.67 	 196.90 	 0.05
39.70 	 199.40 	 0.09
39.72 	 197.40 	 0.09
39.75 	 200.40 	 0.03
39.78 	 197.70 	 -0.06
39.80 	 200.70 	 -0.17
39.83 	 197.90 	 -0.25
39.85 	 201.40 	 -0.30
39.88 	 198.30 	 -0.29
39.91 	 201.90 	 -0.23
39.93 	 198.70 	 -0.11
39.96 	 201.30 	 0.06
39.98 	 199.40 	 0.24
40.01 	 200.80 	 0.42
40.04 	 199.70 	 0.54
40.06 	 199.30 	 0.59
40.09 	 201.80 	 0.55
40.11 	 198.30 	 0.43
40.14 	 201.10 	 0.25
40.17 	 198.90 	 0.06
40.19 	 201.80 	 -0.12
40.22 	 198.30 	 -0.24
40.24 	 200.70 	 -0.30
40.27 	 198.60 	 -0.28
40.30 	 201.20 	 -0.21
40.32 	 198.10 	 -0.12
40.35 	 201.70 	 -0.05
40.37 	 198.70 	 -0.01
40.40 	 201.20 	 -0.01
40.43 	 199.30 	 -0.06
40.45 	 201.70 	 -0.14
40.48 	 198.90 	 -0.21
40.50 	 202.30 	 -0.25
40.53 	 199.10 	 -0.22
40.56 	 202.70 	 -0.14
40.58 	 199.80 	 -0.03
40.61 	 199.10 	 0.07
40.63 	 202.40 	 0.12
40.66 	 199.70 	 0.12
40.69 	 200.60 	 0.08
40.71 	 199.20 	 0.03
40.74 	 202.00 	 -0.00
40.76 	 198.30 	 -0.01
40.79 	 200.70 	 0.00
40.82 	 198.40 	 0.04
40.84 	 201.50 	 0.07
40.87 	 198.00 	 0.07
40.89 	 200.90 	 0.04
40.92 	 198.70 	 -0.02
40.95 	 201.20 	 -0.07
40.97 	 198.50 	 -0.08
41.00 	 201.80 	 -0.04
41.02 	 198.70 	 0.03
41.05 	 201.90 	 0.10
41.08 	 199.70 	 0.15
41.10 	 199.20 	 0.18
41.13 	 202.00 	 0.18
41.15 	 199.40 	 0.16
41.18 	 201.30 	 0.14
41.21 	 198.60 	 0.10
41.23 	 201.20 	 0.04
41.26 	 199.20 	 -0.03
41.28 	 202.40 	 -0.09
41.31 	 199.00 	 -0.12
41.34 	 201.40 	 -0.12
41.36 	 199.00 	 -0.08
41.39 	 202.00 	 -0.01
41.41 	 199.10 	 0.06
41.44 	 202.80 	 0.14
41.47 	 199.40 	 0.19
41.49 	 201.20 	 0.22
41.52 	 200.00 	 0.21
41.54 	 199.60 	 0.19
41.57 	 200.40 	 0.16
41.60 	 198.70 	 0.13
41.62 	 201.40 	 0.08
41.65 	 197.80 	 0.00
41.67 	 200.30 	 -0.10
41.70 	 198.10 	 -0.20
41.73 	 201.20 	 -0.30
41.75 	 198.20 	 -0.37
41.78 	 200.60 	 -0.40
41.80 	 198.30 	 -0.39
41.83 	 201.50 	 -0.32
41.86 	 198.00 	 -0.21
41.88 	 201.00 	 -0.08
41.91 	 198.80 	 0.01
41.93 	 201.30 	 0.04
41.96 	 198.90 	 0.00
41.99 	 202.20 	 -0.08
