time [ms]	Pressure [Hgmm]	illuminance [lux]
0.00 	 0.20 	 54.51
0.03 	 0.20 	 54.47
0.05 	 0.10 	 54.44
0.07 	 0.30 	 54.42
0.10 	 0.20 	 54.43
0.12 	 0.30 	 54.45
0.15 	 0.10 	 54.50
0.17 	 0.20 	 54.55
0.20 	 0.20 	 54.62
0.23 	 -0.10 	 54.68
0.25 	 -0.20 	 54.74
0.28 	 0.20 	 54.79
0.30 	 0.20 	 54.81
0.33 	 0.80 	 54.82
0.35 	 0.00 	 54.80
0.38 	 0.30 	 54.77
0.40 	 -0.10 	 54.72
0.42 	 0.50 	 54.67
0.45 	 0.30 	 54.62
0.47 	 0.20 	 54.58
0.50 	 -0.10 	 54.55
0.53 	 0.40 	 54.53
0.55 	 0.40 	 54.54
0.57 	 0.30 	 54.56
0.60 	 0.30 	 54.59
0.62 	 0.30 	 54.62
0.65 	 0.10 	 54.64
0.68 	 0.30 	 54.65
0.70 	 0.20 	 54.65
0.72 	 0.40 	 54.63
0.75 	 0.40 	 54.60
0.78 	 0.30 	 54.58
0.80 	 -0.10 	 54.56
0.82 	 -0.10 	 54.56
0.85 	 -0.10 	 54.59
0.88 	 0.70 	 54.63
0.90 	 -0.20 	 54.69
0.93 	 0.10 	 54.77
0.95 	 -0.10 	 54.84
0.97 	 0.30 	 54.91
1.00 	 0.20 	 54.96
1.02 	 0.20 	 54.99
1.05 	 0.10 	 54.98
1.07 	 0.60 	 54.93
1.10 	 0.10 	 54.87
1.12 	 0.60 	 54.78
1.15 	 0.50 	 54.69
1.18 	 0.30 	 54.61
1.20 	 0.00 	 54.56
1.23 	 0.30 	 54.53
1.25 	 0.50 	 54.53
1.27 	 0.20 	 54.56
1.30 	 0.00 	 54.60
1.32 	 0.30 	 54.65
1.35 	 0.40 	 54.69
1.38 	 0.20 	 54.72
1.40 	 0.40 	 54.73
1.43 	 0.30 	 54.74
1.45 	 0.50 	 54.73
1.48 	 0.30 	 54.72
1.50 	 0.40 	 54.71
1.52 	 0.20 	 54.71
1.55 	 0.30 	 54.72
1.57 	 0.20 	 54.74
1.60 	 0.40 	 54.77
1.62 	 0.40 	 54.81
1.65 	 0.20 	 54.85
1.68 	 0.20 	 54.91
1.70 	 -0.10 	 54.97
1.73 	 0.10 	 55.04
1.75 	 0.20 	 55.10
1.77 	 0.10 	 55.16
1.80 	 -0.10 	 55.21
1.82 	 0.10 	 55.26
1.85 	 0.20 	 55.29
1.88 	 0.40 	 55.30
1.90 	 0.60 	 55.30
1.93 	 0.20 	 55.29
1.95 	 0.40 	 55.26
1.98 	 0.40 	 55.23
2.00 	 0.30 	 55.19
2.02 	 0.30 	 55.16
2.05 	 0.80 	 55.14
2.08 	 0.30 	 55.13
2.10 	 0.50 	 55.13
2.12 	 0.30 	 55.14
2.15 	 0.30 	 55.15
2.17 	 0.40 	 55.17
2.20 	 0.40 	 55.19
2.23 	 0.20 	 55.21
2.25 	 0.20 	 55.22
2.27 	 0.20 	 55.24
2.30 	 0.40 	 55.25
2.33 	 0.40 	 55.27
2.35 	 0.20 	 55.29
2.38 	 0.10 	 55.30
2.40 	 0.70 	 55.32
2.42 	 0.30 	 55.35
2.45 	 0.30 	 55.38
2.48 	 0.20 	 55.41
2.50 	 0.30 	 55.46
2.52 	 0.40 	 55.51
2.55 	 0.50 	 55.57
2.58 	 0.50 	 55.63
2.60 	 0.50 	 55.68
2.62 	 -0.10 	 55.72
2.65 	 0.10 	 55.73
2.67 	 0.20 	 55.72
2.70 	 0.30 	 55.70
2.73 	 0.20 	 55.66
2.75 	 0.40 	 55.61
2.77 	 0.20 	 55.57
2.80 	 0.40 	 55.54
2.83 	 0.60 	 55.54
2.85 	 0.40 	 55.55
2.88 	 0.50 	 55.58
2.90 	 0.20 	 55.62
2.92 	 0.10 	 55.67
2.95 	 0.10 	 55.71
2.98 	 0.10 	 55.74
3.00 	 0.00 	 55.76
3.02 	 -0.10 	 55.76
3.05 	 -0.10 	 55.75
3.08 	 0.30 	 55.74
3.10 	 0.10 	 55.72
3.12 	 0.20 	 55.71
3.15 	 0.50 	 55.71
3.17 	 0.10 	 55.73
3.20 	 0.50 	 55.76
3.23 	 0.30 	 55.81
3.25 	 0.30 	 55.86
3.27 	 0.40 	 55.91
3.30 	 0.30 	 55.96
3.33 	 0.30 	 56.00
3.35 	 0.30 	 56.02
3.38 	 0.40 	 56.03
3.40 	 -0.00 	 56.01
3.42 	 0.30 	 55.99
3.45 	 0.50 	 55.95
3.48 	 0.40 	 55.91
3.50 	 0.30 	 55.88
3.52 	 0.20 	 55.86
3.55 	 0.40 	 55.85
3.58 	 0.20 	 55.86
3.60 	 0.10 	 55.88
3.62 	 -0.10 	 55.91
3.65 	 -0.10 	 55.94
3.67 	 0.20 	 55.96
3.70 	 0.20 	 55.98
3.73 	 0.20 	 55.98
3.75 	 0.20 	 55.97
3.77 	 -0.10 	 55.94
3.80 	 -0.10 	 55.91
3.83 	 -0.10 	 55.88
3.85 	 0.50 	 55.85
3.88 	 0.20 	 55.82
3.90 	 0.30 	 55.81
3.92 	 0.30 	 55.81
3.95 	 0.50 	 55.83
3.98 	 0.30 	 55.86
4.00 	 0.60 	 55.89
4.03 	 0.30 	 55.92
4.05 	 0.40 	 55.94
4.08 	 0.20 	 55.94
4.10 	 0.00 	 55.91
4.12 	 0.60 	 55.86
4.15 	 0.60 	 55.78
4.17 	 0.30 	 55.69
4.20 	 0.50 	 55.61
4.22 	 0.40 	 55.54
4.25 	 0.40 	 55.49
4.28 	 0.30 	 55.48
4.30 	 0.30 	 55.49
4.33 	 0.30 	 55.52
4.35 	 0.30 	 55.57
4.38 	 0.10 	 55.61
4.40 	 0.60 	 55.64
4.42 	 0.20 	 55.65
4.45 	 0.30 	 55.64
4.47 	 0.10 	 55.62
4.50 	 0.20 	 55.58
4.53 	 0.20 	 55.55
4.55 	 0.20 	 55.52
4.58 	 0.10 	 55.52
4.60 	 0.30 	 55.54
4.62 	 0.20 	 55.57
4.65 	 0.30 	 55.62
4.67 	 0.20 	 55.68
4.70 	 0.60 	 55.74
4.72 	 0.20 	 55.79
4.75 	 0.60 	 55.82
4.78 	 0.20 	 55.83
4.80 	 0.00 	 55.82
4.83 	 0.50 	 55.79
4.85 	 0.50 	 55.74
4.88 	 0.10 	 55.67
4.90 	 -0.00 	 55.60
4.92 	 0.30 	 55.54
4.95 	 0.40 	 55.48
4.97 	 0.10 	 55.44
5.00 	 0.10 	 55.42
5.03 	 0.20 	 55.43
5.05 	 0.20 	 55.45
5.08 	 0.10 	 55.48
5.10 	 0.10 	 55.53
5.12 	 0.10 	 55.58
5.15 	 0.30 	 55.62
5.17 	 -0.20 	 55.65
5.20 	 0.10 	 55.67
5.22 	 0.10 	 55.69
5.25 	 -0.10 	 55.69
5.28 	 0.30 	 55.69
5.30 	 0.40 	 55.69
5.33 	 1.10 	 55.70
5.35 	 0.30 	 55.71
5.38 	 0.30 	 55.74
5.40 	 0.30 	 55.78
5.42 	 0.30 	 55.83
5.45 	 0.40 	 55.88
5.47 	 0.30 	 55.93
5.50 	 0.30 	 55.97
5.53 	 0.30 	 55.98
5.55 	 0.50 	 55.97
5.58 	 0.30 	 55.94
5.60 	 0.50 	 55.87
5.62 	 0.30 	 55.79
5.65 	 0.30 	 55.69
5.67 	 0.20 	 55.58
5.70 	 0.40 	 55.47
5.72 	 0.30 	 55.38
5.75 	 0.30 	 55.30
5.78 	 1.70 	 55.24
5.80 	 0.20 	 55.21
5.83 	 1.90 	 55.21
5.85 	 0.20 	 55.22
5.88 	 1.90 	 55.26
5.90 	 -0.10 	 55.30
5.92 	 2.30 	 55.36
5.95 	 0.80 	 55.41
5.97 	 1.80 	 55.45
6.00 	 0.50 	 55.48
6.03 	 2.20 	 55.49
6.05 	 0.00 	 55.49
6.08 	 2.50 	 55.49
6.10 	 0.20 	 55.48
6.12 	 2.60 	 55.49
6.15 	 0.00 	 55.50
6.17 	 2.80 	 55.52
6.20 	 0.20 	 55.56
6.22 	 2.90 	 55.60
6.25 	 0.40 	 55.63
6.28 	 2.80 	 55.64
6.30 	 0.40 	 55.63
6.33 	 3.10 	 55.59
6.35 	 0.20 	 55.52
6.38 	 3.20 	 55.43
6.40 	 0.20 	 55.33
6.42 	 3.40 	 55.23
6.45 	 0.40 	 55.15
6.47 	 3.40 	 55.10
6.50 	 1.50 	 55.07
6.53 	 2.40 	 55.09
6.55 	 1.80 	 55.13
6.58 	 2.60 	 55.20
6.60 	 2.10 	 55.29
6.62 	 2.70 	 55.37
6.65 	 2.30 	 55.45
6.67 	 2.90 	 55.51
6.70 	 2.50 	 55.55
6.72 	 3.00 	 55.59
6.75 	 2.90 	 55.61
6.78 	 2.70 	 55.63
6.80 	 2.90 	 55.66
6.83 	 3.40 	 55.71
6.85 	 2.90 	 55.76
6.88 	 3.60 	 55.83
6.90 	 3.00 	 55.90
6.92 	 4.10 	 55.98
6.95 	 3.60 	 56.05
6.97 	 4.20 	 56.11
7.00 	 4.20 	 56.15
7.03 	 4.50 	 56.17
7.05 	 4.60 	 56.17
7.08 	 4.30 	 56.16
7.10 	 4.80 	 56.16
7.12 	 4.10 	 56.16
7.15 	 5.80 	 56.18
7.17 	 4.60 	 56.22
7.20 	 5.70 	 56.29
7.22 	 5.20 	 56.36
7.25 	 6.00 	 56.45
7.28 	 5.60 	 56.53
7.30 	 5.80 	 56.61
7.33 	 6.20 	 56.68
7.35 	 6.60 	 56.72
7.38 	 6.30 	 56.76
7.40 	 6.90 	 56.78
7.42 	 6.80 	 56.81
7.45 	 7.30 	 56.83
7.47 	 6.70 	 56.87
7.50 	 7.10 	 56.91
7.53 	 7.10 	 56.97
7.55 	 7.60 	 57.02
7.58 	 7.40 	 57.08
7.60 	 7.80 	 57.14
7.62 	 7.80 	 57.20
7.65 	 8.30 	 57.25
7.67 	 8.10 	 57.29
7.70 	 8.40 	 57.32
7.72 	 8.20 	 57.34
7.75 	 8.80 	 57.34
7.78 	 8.40 	 57.34
7.80 	 8.80 	 57.33
7.83 	 8.90 	 57.31
7.85 	 9.00 	 57.30
7.88 	 9.00 	 57.29
7.90 	 9.40 	 57.29
7.92 	 9.40 	 57.30
7.95 	 9.80 	 57.32
7.97 	 8.30 	 57.34
8.00 	 10.60 	 57.36
8.03 	 8.80 	 57.37
8.05 	 10.90 	 57.36
8.07 	 8.50 	 57.34
8.10 	 11.00 	 57.32
8.12 	 8.40 	 57.28
8.15 	 11.00 	 57.25
8.18 	 8.40 	 57.23
8.20 	 11.00 	 57.22
8.22 	 8.20 	 57.21
8.25 	 11.00 	 57.22
8.28 	 8.10 	 57.23
8.30 	 11.20 	 57.25
8.32 	 9.70 	 57.27
8.35 	 10.70 	 57.28
8.38 	 10.30 	 57.30
8.40 	 10.60 	 57.31
8.43 	 10.70 	 57.33
8.45 	 10.60 	 57.34
8.47 	 11.10 	 57.35
8.50 	 11.40 	 57.35
8.53 	 11.00 	 57.35
8.55 	 12.00 	 57.34
8.57 	 11.60 	 57.33
8.60 	 12.40 	 57.32
8.62 	 12.20 	 57.31
8.65 	 12.10 	 57.31
8.68 	 12.80 	 57.31
8.70 	 12.70 	 57.33
8.72 	 12.90 	 57.36
8.75 	 13.00 	 57.41
8.78 	 13.20 	 57.46
8.80 	 13.20 	 57.53
8.82 	 13.20 	 57.59
8.85 	 13.50 	 57.66
8.88 	 13.70 	 57.72
8.90 	 12.40 	 57.77
8.93 	 14.20 	 57.81
8.95 	 12.40 	 57.84
8.97 	 14.40 	 57.85
9.00 	 12.60 	 57.86
9.03 	 15.10 	 57.86
9.05 	 12.40 	 57.85
9.07 	 14.90 	 57.84
9.10 	 12.20 	 57.84
9.12 	 14.90 	 57.83
9.15 	 11.80 	 57.84
9.18 	 14.70 	 57.84
9.20 	 13.20 	 57.85
9.22 	 14.10 	 57.86
9.25 	 13.80 	 57.87
9.28 	 14.10 	 57.86
9.30 	 14.00 	 57.85
9.32 	 14.50 	 57.82
9.35 	 14.80 	 57.79
9.38 	 14.90 	 57.76
9.40 	 15.60 	 57.73
9.43 	 15.00 	 57.71
9.45 	 15.90 	 57.71
9.47 	 16.00 	 57.72
9.50 	 16.00 	 57.76
9.53 	 16.40 	 57.81
9.55 	 16.10 	 57.88
9.57 	 16.30 	 57.95
9.60 	 17.00 	 58.03
9.62 	 15.70 	 58.09
9.65 	 17.00 	 58.15
9.68 	 16.50 	 58.18
9.70 	 17.30 	 58.18
9.72 	 15.90 	 58.16
9.75 	 18.00 	 58.11
9.78 	 15.60 	 58.04
9.80 	 17.90 	 57.97
9.82 	 15.50 	 57.89
9.85 	 17.60 	 57.84
9.88 	 16.50 	 57.81
9.90 	 17.60 	 57.81
9.93 	 17.40 	 57.85
9.95 	 17.10 	 57.92
9.97 	 17.60 	 58.01
10.00 	 18.50 	 58.10
10.03 	 17.60 	 58.17
10.05 	 18.60 	 58.23
10.07 	 18.20 	 58.24
10.10 	 18.50 	 58.22
10.12 	 18.60 	 58.16
10.15 	 19.00 	 58.08
10.18 	 19.00 	 57.99
10.20 	 19.00 	 57.91
10.22 	 19.50 	 57.84
10.25 	 18.40 	 57.81
10.28 	 20.40 	 57.80
10.30 	 17.80 	 57.82
10.32 	 20.50 	 57.86
10.35 	 18.20 	 57.91
10.38 	 20.70 	 57.95
10.40 	 18.40 	 57.98
10.43 	 20.80 	 57.97
10.45 	 18.30 	 57.95
10.47 	 21.10 	 57.89
10.50 	 18.10 	 57.83
10.53 	 21.00 	 57.75
10.55 	 17.80 	 57.69
10.57 	 21.00 	 57.64
10.60 	 17.70 	 57.61
10.62 	 21.20 	 57.61
10.65 	 18.30 	 57.63
10.68 	 21.50 	 57.67
10.70 	 18.40 	 57.73
10.72 	 21.50 	 57.78
10.75 	 20.10 	 57.85
10.78 	 21.00 	 57.91
10.80 	 20.40 	 57.97
10.82 	 21.50 	 58.03
10.85 	 20.80 	 58.08
10.88 	 21.70 	 58.11
10.90 	 21.90 	 58.12
10.93 	 21.70 	 58.11
10.95 	 22.40 	 58.07
10.97 	 22.50 	 58.01
11.00 	 22.60 	 57.95
11.03 	 23.10 	 57.88
11.05 	 22.10 	 57.83
11.07 	 23.80 	 57.79
11.10 	 21.80 	 57.79
11.12 	 24.10 	 57.80
11.15 	 22.20 	 57.83
11.18 	 24.30 	 57.86
11.20 	 22.10 	 57.87
11.22 	 24.30 	 57.87
11.25 	 21.80 	 57.84
11.28 	 24.40 	 57.79
11.30 	 21.50 	 57.72
11.32 	 24.40 	 57.63
11.35 	 21.20 	 57.55
11.38 	 24.50 	 57.48
11.40 	 21.20 	 57.42
11.43 	 24.70 	 57.39
11.45 	 21.00 	 57.39
11.47 	 24.70 	 57.41
11.50 	 21.70 	 57.46
11.53 	 23.90 	 57.52
11.55 	 23.00 	 57.59
11.57 	 23.60 	 57.67
11.60 	 23.80 	 57.75
11.62 	 24.30 	 57.82
11.65 	 24.90 	 57.89
11.68 	 24.70 	 57.94
11.70 	 25.70 	 57.98
11.72 	 25.50 	 58.00
11.75 	 25.90 	 57.99
11.78 	 26.30 	 57.96
11.80 	 25.20 	 57.90
11.82 	 27.30 	 57.83
11.85 	 25.90 	 57.75
11.88 	 27.70 	 57.68
11.90 	 25.80 	 57.61
11.93 	 27.50 	 57.55
11.95 	 25.30 	 57.51
11.97 	 27.60 	 57.49
12.00 	 25.10 	 57.47
12.03 	 27.50 	 57.45
12.05 	 24.70 	 57.42
12.07 	 27.60 	 57.38
12.10 	 24.50 	 57.34
12.12 	 27.40 	 57.30
12.15 	 25.40 	 57.27
12.18 	 26.90 	 57.24
12.20 	 26.60 	 57.24
12.22 	 26.90 	 57.25
12.25 	 26.80 	 57.29
12.28 	 27.80 	 57.34
12.30 	 27.50 	 57.40
12.32 	 28.10 	 57.46
12.35 	 28.00 	 57.53
12.38 	 28.40 	 57.59
12.40 	 28.70 	 57.65
12.43 	 28.70 	 57.71
12.45 	 28.90 	 57.76
12.47 	 29.40 	 57.81
12.50 	 28.20 	 57.85
12.53 	 30.00 	 57.87
12.55 	 27.70 	 57.87
12.57 	 30.20 	 57.84
12.60 	 28.40 	 57.78
12.62 	 30.50 	 57.70
12.65 	 28.40 	 57.59
12.68 	 30.30 	 57.47
12.70 	 28.00 	 57.35
12.72 	 30.30 	 57.23
12.75 	 27.60 	 57.13
12.78 	 30.60 	 57.05
12.80 	 27.60 	 57.00
12.82 	 30.40 	 56.97
12.85 	 28.60 	 56.96
12.88 	 29.50 	 56.97
12.90 	 29.50 	 56.99
12.93 	 29.90 	 57.02
12.95 	 29.70 	 57.04
12.97 	 30.50 	 57.07
13.00 	 30.30 	 57.11
13.03 	 31.30 	 57.14
13.05 	 31.00 	 57.19
13.07 	 31.20 	 57.23
13.10 	 31.90 	 57.29
13.12 	 30.80 	 57.34
13.15 	 32.40 	 57.39
13.18 	 30.90 	 57.44
13.20 	 33.30 	 57.46
13.22 	 31.20 	 57.47
13.25 	 32.90 	 57.45
13.28 	 30.70 	 57.40
13.30 	 32.90 	 57.33
13.32 	 30.50 	 57.24
13.35 	 32.60 	 57.13
13.38 	 31.40 	 57.02
13.40 	 32.10 	 56.92
13.43 	 31.50 	 56.84
13.45 	 32.80 	 56.78
13.47 	 32.10 	 56.75
13.50 	 32.60 	 56.75
13.53 	 32.90 	 56.77
13.55 	 33.00 	 56.82
13.57 	 32.80 	 56.89
13.60 	 33.90 	 56.97
13.62 	 33.50 	 57.05
13.65 	 34.00 	 57.12
13.68 	 34.20 	 57.18
13.70 	 34.40 	 57.22
13.72 	 32.90 	 57.24
13.75 	 35.30 	 57.25
13.78 	 33.50 	 57.24
13.80 	 35.50 	 57.24
13.82 	 33.30 	 57.23
13.85 	 35.50 	 57.22
13.88 	 32.90 	 57.21
13.90 	 35.50 	 57.20
13.93 	 32.50 	 57.18
13.95 	 35.50 	 57.15
13.97 	 32.50 	 57.11
14.00 	 35.00 	 57.05
14.03 	 33.30 	 57.00
14.05 	 34.50 	 56.94
14.07 	 34.30 	 56.89
14.10 	 34.40 	 56.85
14.12 	 35.20 	 56.82
14.15 	 35.20 	 56.82
14.18 	 35.80 	 56.82
14.20 	 35.90 	 56.84
14.22 	 36.00 	 56.87
14.25 	 36.70 	 56.91
14.28 	 36.60 	 56.94
14.30 	 37.10 	 56.97
14.32 	 35.90 	 56.99
14.35 	 38.10 	 56.99
14.38 	 35.80 	 56.98
14.40 	 37.60 	 56.96
14.43 	 35.60 	 56.94
14.45 	 38.10 	 56.90
14.47 	 36.00 	 56.86
14.50 	 38.30 	 56.82
14.53 	 35.70 	 56.77
14.55 	 38.20 	 56.72
14.57 	 35.20 	 56.67
14.60 	 37.90 	 56.63
14.62 	 36.40 	 56.60
14.65 	 37.30 	 56.59
14.68 	 36.50 	 56.61
14.70 	 37.10 	 56.65
14.72 	 37.20 	 56.71
14.75 	 37.30 	 56.79
14.78 	 37.40 	 56.87
14.80 	 38.30 	 56.95
14.82 	 37.90 	 57.01
14.85 	 39.00 	 57.04
14.88 	 38.40 	 57.03
14.90 	 39.70 	 57.00
14.93 	 38.40 	 56.93
14.95 	 40.20 	 56.85
14.97 	 39.10 	 56.77
15.00 	 40.50 	 56.70
15.03 	 38.90 	 56.65
15.05 	 40.60 	 56.61
15.07 	 38.30 	 56.59
15.10 	 40.50 	 56.58
15.12 	 38.00 	 56.56
15.15 	 41.00 	 56.53
15.18 	 38.40 	 56.49
15.20 	 41.20 	 56.41
15.22 	 38.30 	 56.32
15.25 	 41.00 	 56.22
15.28 	 39.20 	 56.12
15.30 	 40.30 	 56.03
15.32 	 39.40 	 55.98
15.35 	 39.70 	 55.95
15.38 	 39.50 	 55.96
15.40 	 40.30 	 56.01
15.43 	 39.70 	 56.10
15.45 	 40.80 	 56.20
15.47 	 40.60 	 56.33
15.50 	 41.30 	 56.46
15.53 	 41.20 	 56.59
15.55 	 41.60 	 56.71
15.57 	 42.30 	 56.81
15.60 	 41.90 	 56.88
15.62 	 42.80 	 56.92
15.65 	 41.70 	 56.93
15.68 	 43.00 	 56.90
15.70 	 41.70 	 56.84
15.72 	 44.10 	 56.74
15.75 	 42.20 	 56.63
15.78 	 43.90 	 56.51
15.80 	 41.90 	 56.40
15.82 	 43.60 	 56.29
15.85 	 41.10 	 56.20
15.88 	 43.50 	 56.14
15.90 	 41.60 	 56.10
15.93 	 42.90 	 56.08
15.95 	 41.90 	 56.08
15.97 	 42.40 	 56.09
16.00 	 42.80 	 56.10
16.02 	 42.50 	 56.13
16.05 	 43.30 	 56.15
16.07 	 43.50 	 56.19
16.10 	 43.70 	 56.23
16.12 	 44.20 	 56.29
16.15 	 44.00 	 56.36
16.18 	 45.10 	 56.45
16.20 	 43.60 	 56.55
16.23 	 45.40 	 56.66
16.25 	 44.30 	 56.76
16.27 	 46.00 	 56.84
16.30 	 44.00 	 56.90
16.32 	 45.80 	 56.92
16.35 	 43.60 	 56.90
16.38 	 46.10 	 56.83
16.40 	 43.90 	 56.72
16.43 	 46.20 	 56.57
16.45 	 43.60 	 56.38
16.48 	 46.10 	 56.19
16.50 	 44.40 	 56.00
16.52 	 45.70 	 55.84
16.55 	 44.80 	 55.72
16.57 	 44.90 	 55.65
16.60 	 44.60 	 55.64
16.62 	 45.80 	 55.67
16.65 	 44.90 	 55.75
16.68 	 46.20 	 55.86
16.70 	 45.90 	 55.99
16.73 	 46.50 	 56.13
16.75 	 46.70 	 56.25
16.77 	 46.70 	 56.37
16.80 	 47.70 	 56.46
16.82 	 47.40 	 56.52
16.85 	 48.10 	 56.56
16.88 	 47.10 	 56.56
16.90 	 48.50 	 56.54
16.93 	 46.60 	 56.50
16.95 	 48.90 	 56.44
16.98 	 46.90 	 56.39
17.00 	 48.90 	 56.35
17.02 	 46.60 	 56.33
17.05 	 48.70 	 56.32
17.07 	 47.40 	 56.33
17.10 	 47.70 	 56.34
17.12 	 47.10 	 56.36
17.15 	 47.70 	 56.36
17.18 	 47.00 	 56.34
17.20 	 48.10 	 56.31
17.23 	 47.60 	 56.27
17.25 	 48.30 	 56.23
17.27 	 48.80 	 56.20
17.30 	 48.70 	 56.17
17.32 	 49.60 	 56.17
17.35 	 49.00 	 56.18
17.38 	 50.20 	 56.20
17.40 	 49.10 	 56.23
17.43 	 50.30 	 56.25
17.45 	 50.20 	 56.26
17.48 	 50.50 	 56.25
17.50 	 50.00 	 56.23
17.52 	 50.10 	 56.20
17.55 	 50.70 	 56.17
17.57 	 50.90 	 56.14
17.60 	 50.60 	 56.12
17.62 	 50.50 	 56.11
17.65 	 50.90 	 56.12
17.68 	 51.30 	 56.14
17.70 	 50.70 	 56.18
17.73 	 50.70 	 56.23
17.75 	 51.20 	 56.29
17.77 	 51.50 	 56.35
17.80 	 51.20 	 56.41
17.82 	 51.40 	 56.47
17.85 	 52.00 	 56.53
17.88 	 51.80 	 56.60
17.90 	 51.60 	 56.66
17.93 	 52.10 	 56.71
17.95 	 52.30 	 56.75
17.98 	 52.30 	 56.77
18.00 	 52.10 	 56.76
18.02 	 52.70 	 56.73
18.05 	 52.60 	 56.66
18.07 	 52.50 	 56.56
18.10 	 52.60 	 56.45
18.12 	 53.40 	 56.33
18.15 	 52.20 	 56.21
18.18 	 53.90 	 56.11
18.20 	 51.70 	 56.04
18.23 	 53.60 	 55.98
18.25 	 52.40 	 55.96
18.27 	 53.50 	 55.95
18.30 	 53.10 	 55.96
18.32 	 53.00 	 55.97
18.35 	 53.10 	 55.99
18.38 	 53.80 	 56.02
18.40 	 53.70 	 56.06
18.43 	 53.80 	 56.10
18.45 	 54.40 	 56.14
18.48 	 54.10 	 56.19
18.50 	 53.80 	 56.25
18.52 	 55.20 	 56.30
18.55 	 53.60 	 56.34
18.57 	 54.90 	 56.38
18.60 	 54.60 	 56.41
18.62 	 55.30 	 56.44
18.65 	 54.60 	 56.47
18.68 	 54.90 	 56.51
18.70 	 55.40 	 56.56
18.73 	 55.60 	 56.62
18.75 	 55.10 	 56.68
18.77 	 55.60 	 56.73
18.80 	 55.80 	 56.77
18.82 	 55.60 	 56.78
18.85 	 55.50 	 56.76
18.88 	 56.40 	 56.70
18.90 	 56.20 	 56.62
18.93 	 56.30 	 56.52
18.95 	 56.40 	 56.41
18.98 	 56.90 	 56.32
19.00 	 56.60 	 56.25
19.02 	 56.40 	 56.21
19.05 	 57.10 	 56.21
19.07 	 57.10 	 56.23
19.10 	 57.00 	 56.27
19.12 	 56.70 	 56.31
19.15 	 57.10 	 56.34
19.18 	 57.40 	 56.36
19.20 	 56.80 	 56.36
19.23 	 57.40 	 56.35
19.25 	 57.60 	 56.32
19.27 	 57.80 	 56.29
19.30 	 57.40 	 56.28
19.32 	 58.00 	 56.29
19.35 	 58.10 	 56.32
19.38 	 57.80 	 56.37
19.40 	 57.90 	 56.44
19.43 	 58.80 	 56.52
19.45 	 58.10 	 56.60
19.48 	 58.70 	 56.68
19.50 	 58.90 	 56.74
19.52 	 58.80 	 56.80
19.55 	 58.60 	 56.84
19.57 	 59.20 	 56.87
19.60 	 59.50 	 56.90
19.62 	 59.10 	 56.92
19.65 	 59.20 	 56.94
19.68 	 59.70 	 56.95
19.70 	 59.30 	 56.94
19.73 	 59.20 	 56.92
19.75 	 59.50 	 56.89
19.77 	 60.10 	 56.83
19.80 	 59.90 	 56.76
19.82 	 59.90 	 56.68
19.85 	 60.60 	 56.61
19.88 	 60.30 	 56.55
19.90 	 60.10 	 56.51
19.93 	 60.40 	 56.50
19.95 	 60.90 	 56.51
19.98 	 60.50 	 56.53
20.00 	 60.70 	 56.56
20.02 	 61.20 	 56.59
20.05 	 61.10 	 56.62
20.07 	 60.80 	 56.64
20.10 	 61.10 	 56.66
20.12 	 61.80 	 56.67
20.15 	 61.30 	 56.68
20.18 	 61.20 	 56.70
20.20 	 62.00 	 56.73
20.23 	 61.70 	 56.76
20.25 	 61.50 	 56.80
20.27 	 61.50 	 56.83
20.30 	 62.30 	 56.86
20.32 	 61.90 	 56.88
20.35 	 61.90 	 56.90
20.38 	 62.60 	 56.92
20.40 	 62.30 	 56.94
20.43 	 62.00 	 56.96
20.45 	 62.90 	 56.99
20.48 	 62.70 	 57.03
20.50 	 62.70 	 57.06
20.52 	 63.20 	 57.09
20.55 	 63.20 	 57.10
20.57 	 62.70 	 57.09
20.60 	 63.70 	 57.06
20.62 	 63.90 	 57.01
20.65 	 63.60 	 56.94
20.68 	 63.80 	 56.86
20.70 	 64.40 	 56.78
20.73 	 63.10 	 56.70
20.75 	 64.50 	 56.64
20.77 	 63.30 	 56.59
20.80 	 64.40 	 56.56
20.82 	 64.10 	 56.54
20.85 	 64.00 	 56.53
20.88 	 63.80 	 56.53
20.90 	 64.60 	 56.54
20.93 	 64.20 	 56.55
20.95 	 64.10 	 56.56
20.98 	 64.90 	 56.59
21.00 	 64.90 	 56.62
21.02 	 64.80 	 56.66
21.05 	 65.40 	 56.71
21.07 	 65.10 	 56.78
21.10 	 65.10 	 56.85
21.12 	 66.00 	 56.93
21.15 	 65.50 	 57.01
21.18 	 65.60 	 57.08
21.20 	 66.30 	 57.16
21.23 	 65.80 	 57.23
21.25 	 65.90 	 57.29
21.27 	 66.40 	 57.34
21.30 	 66.60 	 57.38
21.32 	 66.00 	 57.40
21.35 	 66.70 	 57.40
21.38 	 66.30 	 57.36
21.40 	 66.40 	 57.30
21.43 	 66.50 	 57.21
21.45 	 67.60 	 57.09
21.48 	 66.90 	 56.96
21.50 	 67.40 	 56.84
21.52 	 67.80 	 56.72
21.55 	 67.60 	 56.64
21.57 	 67.20 	 56.59
21.60 	 67.90 	 56.57
21.62 	 67.90 	 56.59
21.65 	 67.70 	 56.62
21.68 	 67.50 	 56.67
21.70 	 68.00 	 56.71
21.73 	 68.10 	 56.73
21.75 	 67.90 	 56.75
21.77 	 68.00 	 56.75
21.80 	 68.80 	 56.74
21.82 	 68.30 	 56.74
21.85 	 68.50 	 56.75
21.88 	 68.70 	 56.77
21.90 	 68.50 	 56.81
21.93 	 68.40 	 56.87
21.95 	 69.10 	 56.94
21.98 	 69.00 	 57.01
22.00 	 68.70 	 57.08
22.02 	 69.40 	 57.14
22.05 	 69.10 	 57.19
22.07 	 69.30 	 57.24
22.10 	 70.00 	 57.28
22.12 	 69.70 	 57.33
22.15 	 69.80 	 57.38
22.18 	 70.40 	 57.44
22.20 	 69.70 	 57.49
22.23 	 70.00 	 57.53
22.25 	 70.50 	 57.55
22.27 	 70.30 	 57.53
22.30 	 70.30 	 57.47
22.32 	 71.10 	 57.38
22.35 	 71.00 	 57.27
22.38 	 70.90 	 57.15
22.40 	 71.50 	 57.04
22.43 	 71.30 	 56.96
22.45 	 71.10 	 56.92
22.48 	 71.10 	 56.91
22.50 	 71.60 	 56.93
22.52 	 71.20 	 56.97
22.55 	 71.20 	 57.02
22.57 	 71.70 	 57.07
22.60 	 71.80 	 57.10
22.62 	 71.30 	 57.12
22.65 	 72.20 	 57.13
22.68 	 72.10 	 57.14
22.70 	 71.80 	 57.15
22.73 	 72.30 	 57.17
22.75 	 72.60 	 57.20
22.77 	 72.10 	 57.24
22.80 	 72.80 	 57.28
22.82 	 72.60 	 57.34
22.85 	 72.40 	 57.39
22.88 	 73.00 	 57.44
22.90 	 73.00 	 57.49
22.93 	 72.60 	 57.53
22.95 	 73.60 	 57.58
22.98 	 73.00 	 57.64
23.00 	 73.10 	 57.70
23.02 	 73.60 	 57.77
23.05 	 73.60 	 57.83
23.07 	 73.50 	 57.89
23.10 	 74.10 	 57.93
23.12 	 73.70 	 57.93
23.15 	 73.80 	 57.91
23.18 	 74.60 	 57.84
23.20 	 74.40 	 57.74
23.23 	 74.80 	 57.63
23.25 	 75.30 	 57.50
23.27 	 74.80 	 57.39
23.30 	 74.90 	 57.31
23.32 	 75.40 	 57.25
23.35 	 75.30 	 57.22
23.38 	 74.90 	 57.22
23.40 	 75.00 	 57.23
23.43 	 75.30 	 57.24
23.45 	 75.10 	 57.24
23.48 	 75.00 	 57.23
23.50 	 75.70 	 57.23
23.52 	 75.50 	 57.22
23.55 	 75.30 	 57.23
23.57 	 75.80 	 57.25
23.60 	 75.80 	 57.30
23.62 	 75.50 	 57.36
23.65 	 76.10 	 57.45
23.68 	 76.10 	 57.54
23.70 	 76.30 	 57.64
23.73 	 76.70 	 57.75
23.75 	 76.30 	 57.84
23.77 	 76.70 	 57.93
23.80 	 77.20 	 58.01
23.82 	 76.40 	 58.07
23.85 	 77.40 	 58.13
23.88 	 77.00 	 58.16
23.90 	 76.80 	 58.17
23.93 	 77.60 	 58.16
23.95 	 77.30 	 58.11
23.98 	 77.30 	 58.03
24.00 	 78.10 	 57.92
24.02 	 77.70 	 57.80
24.05 	 78.40 	 57.67
24.07 	 78.60 	 57.55
24.10 	 78.30 	 57.45
24.12 	 78.30 	 57.39
24.15 	 78.80 	 57.38
24.18 	 78.50 	 57.40
24.20 	 78.00 	 57.45
24.23 	 78.70 	 57.52
24.25 	 78.80 	 57.59
24.27 	 78.40 	 57.66
24.30 	 78.80 	 57.71
24.32 	 79.20 	 57.74
24.35 	 78.60 	 57.75
24.38 	 79.40 	 57.75
24.40 	 79.50 	 57.74
24.43 	 79.10 	 57.74
24.45 	 79.90 	 57.75
24.48 	 79.50 	 57.78
24.50 	 79.30 	 57.82
24.52 	 80.10 	 57.89
24.55 	 79.70 	 57.96
24.57 	 79.90 	 58.04
24.60 	 80.40 	 58.13
24.62 	 79.80 	 58.21
24.65 	 80.20 	 58.28
24.68 	 80.60 	 58.33
24.70 	 80.20 	 58.37
24.73 	 80.80 	 58.38
24.75 	 80.80 	 58.36
24.77 	 80.60 	 58.30
24.80 	 81.50 	 58.21
24.82 	 81.10 	 58.09
24.85 	 81.90 	 57.95
24.88 	 82.10 	 57.81
24.90 	 81.70 	 57.67
24.93 	 81.90 	 57.55
24.95 	 82.50 	 57.47
24.98 	 82.00 	 57.41
25.00 	 81.80 	 57.39
25.02 	 82.10 	 57.40
25.05 	 82.30 	 57.43
25.07 	 81.70 	 57.47
25.10 	 81.80 	 57.51
25.12 	 82.70 	 57.54
25.15 	 82.20 	 57.57
25.18 	 82.40 	 57.60
25.20 	 82.90 	 57.62
25.23 	 82.40 	 57.64
25.25 	 82.70 	 57.66
25.27 	 83.20 	 57.69
25.30 	 82.60 	 57.72
25.32 	 83.40 	 57.77
25.35 	 83.00 	 57.83
25.38 	 83.20 	 57.90
25.40 	 83.80 	 57.98
25.43 	 83.20 	 58.07
25.45 	 83.90 	 58.17
25.48 	 83.70 	 58.26
25.50 	 83.50 	 58.34
25.52 	 84.40 	 58.38
25.55 	 83.80 	 58.39
25.57 	 84.60 	 58.35
25.60 	 84.40 	 58.27
25.62 	 84.40 	 58.16
25.65 	 85.40 	 58.01
25.68 	 85.20 	 57.85
25.70 	 85.30 	 57.70
25.73 	 85.60 	 57.58
25.75 	 85.20 	 57.49
25.77 	 85.10 	 57.44
25.80 	 85.90 	 57.43
25.82 	 85.60 	 57.46
25.85 	 85.10 	 57.51
25.88 	 85.50 	 57.58
25.90 	 85.60 	 57.65
25.93 	 85.10 	 57.71
25.95 	 85.80 	 57.76
25.98 	 86.20 	 57.79
26.00 	 85.70 	 57.82
26.02 	 86.40 	 57.84
26.05 	 86.00 	 57.86
26.07 	 86.00 	 57.89
26.10 	 86.70 	 57.93
26.12 	 86.10 	 57.98
26.15 	 86.90 	 58.04
26.18 	 86.60 	 58.11
26.20 	 86.40 	 58.18
26.23 	 87.60 	 58.26
26.25 	 86.60 	 58.33
26.27 	 87.50 	 58.39
26.30 	 87.10 	 58.44
26.32 	 87.10 	 58.46
26.35 	 87.90 	 58.46
26.38 	 87.30 	 58.42
26.40 	 88.10 	 58.35
26.43 	 87.90 	 58.25
26.45 	 87.80 	 58.12
26.48 	 89.10 	 57.96
26.50 	 88.50 	 57.81
26.52 	 89.00 	 57.67
26.55 	 89.30 	 57.56
26.57 	 88.70 	 57.49
26.60 	 88.90 	 57.47
26.62 	 89.30 	 57.49
26.65 	 88.90 	 57.55
26.68 	 88.70 	 57.63
26.70 	 88.90 	 57.72
26.73 	 89.00 	 57.80
26.75 	 88.60 	 57.87
26.77 	 89.50 	 57.92
26.80 	 89.50 	 57.95
26.82 	 89.00 	 57.96
26.85 	 89.80 	 57.96
26.88 	 89.40 	 57.95
26.90 	 89.60 	 57.95
26.93 	 89.90 	 57.96
26.95 	 89.50 	 57.98
26.98 	 90.40 	 58.03
27.00 	 89.60 	 58.10
27.02 	 90.60 	 58.19
27.05 	 90.20 	 58.30
27.07 	 90.20 	 58.42
27.10 	 90.80 	 58.54
27.12 	 90.30 	 58.67
27.15 	 91.30 	 58.78
27.18 	 90.70 	 58.87
27.20 	 91.40 	 58.92
27.23 	 91.00 	 58.92
27.25 	 91.20 	 58.87
27.27 	 91.80 	 58.75
27.30 	 91.40 	 58.59
27.32 	 92.70 	 58.39
27.35 	 92.20 	 58.18
27.38 	 92.60 	 57.98
27.40 	 93.20 	 57.81
27.43 	 91.50 	 57.69
27.45 	 92.80 	 57.63
27.48 	 92.30 	 57.63
27.50 	 92.80 	 57.67
27.52 	 92.00 	 57.74
27.55 	 91.70 	 57.83
27.57 	 92.80 	 57.91
27.60 	 92.20 	 57.98
27.62 	 92.50 	 58.03
27.65 	 92.90 	 58.06
27.68 	 92.60 	 58.08
27.70 	 93.30 	 58.10
27.73 	 92.80 	 58.12
27.75 	 93.40 	 58.17
27.77 	 93.30 	 58.23
27.80 	 93.30 	 58.32
27.82 	 93.90 	 58.43
27.85 	 93.40 	 58.55
27.88 	 94.40 	 58.69
27.90 	 93.30 	 58.82
27.93 	 94.70 	 58.94
27.95 	 93.80 	 59.04
27.98 	 94.70 	 59.10
28.00 	 94.40 	 59.12
28.02 	 94.40 	 59.09
28.05 	 95.20 	 59.01
28.07 	 94.60 	 58.89
28.10 	 95.50 	 58.75
28.12 	 95.40 	 58.59
28.15 	 95.80 	 58.43
28.18 	 96.60 	 58.28
28.20 	 94.80 	 58.17
28.23 	 96.30 	 58.09
28.25 	 95.80 	 58.06
28.27 	 95.80 	 58.06
28.30 	 95.10 	 58.08
28.32 	 95.60 	 58.13
28.35 	 95.70 	 58.18
28.38 	 95.30 	 58.22
28.40 	 96.10 	 58.26
28.43 	 96.00 	 58.29
28.45 	 95.80 	 58.32
28.48 	 96.70 	 58.33
28.50 	 96.00 	 58.35
28.52 	 96.90 	 58.37
28.55 	 96.10 	 58.39
28.57 	 97.10 	 58.43
28.60 	 96.40 	 58.47
28.62 	 97.30 	 58.54
28.65 	 96.80 	 58.63
28.68 	 97.20 	 58.73
28.70 	 97.40 	 58.85
28.73 	 97.20 	 58.98
28.75 	 97.80 	 59.11
28.77 	 97.30 	 59.20
28.80 	 98.20 	 59.26
28.82 	 97.60 	 59.26
28.85 	 98.40 	 59.19
28.88 	 97.90 	 59.06
28.90 	 98.60 	 58.87
28.93 	 99.10 	 58.65
28.95 	 99.20 	 58.43
28.98 	 100.10 	 58.22
29.00 	 98.30 	 58.07
29.02 	 99.60 	 57.97
29.05 	 99.40 	 57.94
29.07 	 99.50 	 57.96
29.10 	 98.80 	 58.03
29.12 	 98.70 	 58.11
29.15 	 99.10 	 58.20
29.18 	 98.70 	 58.27
29.20 	 99.00 	 58.31
29.23 	 99.40 	 58.32
29.25 	 99.10 	 58.32
29.27 	 100.00 	 58.31
29.30 	 99.30 	 58.31
29.32 	 100.20 	 58.32
29.35 	 99.50 	 58.36
29.38 	 100.40 	 58.42
29.40 	 99.70 	 58.50
29.43 	 100.50 	 58.60
29.45 	 100.20 	 58.72
29.48 	 100.70 	 58.83
29.50 	 100.70 	 58.95
29.52 	 100.70 	 59.06
29.55 	 101.00 	 59.15
29.57 	 100.90 	 59.23
29.60 	 101.60 	 59.29
29.62 	 100.80 	 59.31
29.65 	 102.10 	 59.30
29.68 	 101.10 	 59.25
29.70 	 102.10 	 59.15
29.73 	 101.50 	 59.02
29.75 	 102.30 	 58.84
29.77 	 103.00 	 58.65
29.80 	 102.80 	 58.46
29.82 	 103.50 	 58.29
29.85 	 102.80 	 58.16
29.88 	 102.70 	 58.09
29.90 	 103.50 	 58.07
29.93 	 102.70 	 58.10
29.95 	 102.40 	 58.17
29.98 	 102.90 	 58.26
30.00 	 102.50 	 58.35
30.02 	 102.50 	 58.44
30.05 	 103.10 	 58.52
30.07 	 102.70 	 58.58
30.10 	 103.40 	 58.63
30.12 	 103.00 	 58.67
30.15 	 103.20 	 58.70
30.18 	 103.30 	 58.73
30.20 	 103.30 	 58.77
30.23 	 103.80 	 58.80
30.25 	 103.30 	 58.83
30.27 	 104.20 	 58.86
30.30 	 103.70 	 58.90
30.32 	 104.30 	 58.94
30.35 	 103.80 	 58.99
30.38 	 104.60 	 59.05
30.40 	 104.20 	 59.12
30.43 	 104.70 	 59.20
30.45 	 104.40 	 59.28
30.48 	 105.10 	 59.36
30.50 	 104.70 	 59.41
30.52 	 105.10 	 59.43
30.55 	 104.80 	 59.42
30.57 	 105.70 	 59.36
30.60 	 105.30 	 59.26
30.62 	 105.80 	 59.13
30.65 	 105.80 	 58.97
30.68 	 106.40 	 58.81
30.70 	 107.30 	 58.66
30.73 	 105.90 	 58.54
30.75 	 107.80 	 58.46
30.77 	 105.80 	 58.43
30.80 	 107.00 	 58.43
30.82 	 105.60 	 58.47
30.85 	 106.40 	 58.53
30.88 	 106.00 	 58.60
30.90 	 105.60 	 58.67
30.93 	 106.00 	 58.73
30.95 	 106.00 	 58.78
30.98 	 106.20 	 58.81
31.00 	 106.70 	 58.84
31.02 	 106.30 	 58.87
31.05 	 106.80 	 58.91
31.07 	 107.20 	 58.96
31.10 	 106.80 	 59.02
31.12 	 107.40 	 59.08
31.15 	 107.20 	 59.16
31.18 	 107.70 	 59.24
31.20 	 107.70 	 59.31
31.23 	 108.00 	 59.36
31.25 	 107.80 	 59.40
31.27 	 108.40 	 59.39
31.30 	 108.20 	 59.34
31.32 	 109.00 	 59.24
31.35 	 109.00 	 59.09
31.38 	 110.20 	 58.90
31.40 	 108.50 	 58.67
31.43 	 110.50 	 58.41
31.45 	 108.80 	 58.14
31.48 	 109.90 	 57.88
31.50 	 109.00 	 57.63
31.52 	 110.10 	 57.43
31.55 	 109.60 	 57.26
31.57 	 109.40 	 57.14
31.60 	 109.50 	 57.06
31.62 	 109.80 	 57.02
31.65 	 109.20 	 57.02
31.68 	 110.10 	 57.04
31.70 	 109.70 	 57.08
31.73 	 109.70 	 57.12
31.75 	 110.00 	 57.17
31.77 	 109.80 	 57.20
31.80 	 110.50 	 57.23
31.82 	 110.10 	 57.25
31.85 	 110.80 	 57.27
31.88 	 110.30 	 57.27
31.90 	 111.10 	 57.27
31.93 	 110.70 	 57.27
31.95 	 111.50 	 57.27
31.98 	 110.80 	 57.27
32.00 	 112.00 	 57.27
32.02 	 111.00 	 57.28
32.05 	 111.90 	 57.31
32.08 	 111.30 	 57.35
32.10 	 112.10 	 57.41
32.12 	 111.50 	 57.48
32.15 	 112.20 	 57.56
32.17 	 111.80 	 57.62
32.20 	 112.00 	 57.67
32.23 	 112.40 	 57.69
32.25 	 112.20 	 57.67
32.27 	 112.70 	 57.63
32.30 	 112.40 	 57.57
32.33 	 113.30 	 57.52
32.35 	 112.80 	 57.48
32.38 	 113.40 	 57.47
32.40 	 112.60 	 57.51
32.42 	 113.50 	 57.60
32.45 	 112.90 	 57.73
32.48 	 113.00 	 57.88
32.50 	 113.10 	 58.05
32.52 	 112.60 	 58.21
32.55 	 113.30 	 58.36
32.58 	 112.70 	 58.48
32.60 	 113.30 	 58.58
32.62 	 112.70 	 58.66
32.65 	 113.60 	 58.72
32.67 	 113.30 	 58.77
32.70 	 113.80 	 58.82
32.73 	 114.10 	 58.86
32.75 	 114.00 	 58.90
32.77 	 114.40 	 58.93
32.80 	 114.60 	 58.95
32.83 	 114.80 	 58.96
32.85 	 114.70 	 58.97
32.88 	 115.00 	 58.97
32.90 	 115.50 	 58.97
32.92 	 115.10 	 58.98
32.95 	 115.80 	 59.01
32.98 	 115.00 	 59.04
33.00 	 115.70 	 59.09
33.02 	 115.20 	 59.15
33.05 	 115.70 	 59.22
33.08 	 115.30 	 59.28
33.10 	 115.70 	 59.33
33.12 	 115.40 	 59.35
33.15 	 115.70 	 59.35
33.17 	 115.50 	 59.31
33.20 	 116.00 	 59.24
33.23 	 116.00 	 59.14
33.25 	 116.70 	 59.02
33.27 	 116.90 	 58.89
33.30 	 117.60 	 58.78
33.33 	 117.00 	 58.69
33.35 	 117.40 	 58.63
33.38 	 116.60 	 58.61
33.40 	 117.10 	 58.63
33.42 	 116.40 	 58.68
33.45 	 116.80 	 58.75
33.48 	 116.40 	 58.83
33.50 	 116.90 	 58.90
33.52 	 116.60 	 58.96
33.55 	 117.00 	 59.01
33.58 	 117.00 	 59.04
33.60 	 117.20 	 59.06
33.62 	 117.60 	 59.07
33.65 	 117.20 	 59.07
33.67 	 117.70 	 59.07
33.70 	 117.90 	 59.07
33.73 	 117.70 	 59.08
33.75 	 118.20 	 59.10
33.77 	 118.10 	 59.13
33.80 	 117.80 	 59.16
33.83 	 118.90 	 59.19
33.85 	 118.40 	 59.22
33.88 	 118.90 	 59.24
33.90 	 118.80 	 59.25
33.92 	 119.00 	 59.25
33.95 	 119.40 	 59.23
33.98 	 119.10 	 59.20
34.00 	 119.60 	 59.16
34.02 	 119.50 	 59.12
34.05 	 120.10 	 59.08
34.08 	 120.20 	 59.04
34.10 	 120.80 	 59.00
34.12 	 120.70 	 58.98
34.15 	 120.10 	 58.96
34.17 	 120.20 	 58.95
34.20 	 120.20 	 58.94
34.23 	 119.90 	 58.95
34.25 	 119.90 	 58.95
34.27 	 120.00 	 58.97
34.30 	 120.10 	 59.00
34.33 	 120.30 	 59.03
34.35 	 120.20 	 59.08
34.38 	 120.60 	 59.12
34.40 	 120.50 	 59.17
34.42 	 120.80 	 59.23
34.45 	 121.20 	 59.27
34.48 	 120.90 	 59.32
34.50 	 121.40 	 59.35
34.52 	 121.40 	 59.38
34.55 	 121.50 	 59.39
34.58 	 121.90 	 59.40
34.60 	 121.60 	 59.40
34.62 	 122.30 	 59.40
34.65 	 122.00 	 59.39
34.67 	 122.20 	 59.39
34.70 	 122.20 	 59.38
34.73 	 122.30 	 59.38
34.75 	 122.60 	 59.37
34.77 	 122.40 	 59.37
34.80 	 123.10 	 59.36
34.83 	 123.40 	 59.34
34.85 	 123.50 	 59.33
34.88 	 123.70 	 59.31
34.90 	 123.10 	 59.28
34.92 	 123.40 	 59.26
34.95 	 122.90 	 59.25
34.98 	 123.30 	 59.24
35.00 	 122.60 	 59.24
35.02 	 123.70 	 59.24
35.05 	 122.90 	 59.26
35.08 	 123.70 	 59.28
35.10 	 123.60 	 59.31
35.12 	 123.60 	 59.35
35.15 	 124.00 	 59.38
35.17 	 124.00 	 59.42
35.20 	 124.00 	 59.45
35.23 	 124.50 	 59.48
35.25 	 124.30 	 59.50
35.27 	 124.60 	 59.50
35.30 	 124.50 	 59.50
35.33 	 124.70 	 59.49
35.35 	 125.00 	 59.47
35.38 	 124.80 	 59.44
35.40 	 125.10 	 59.42
35.42 	 125.10 	 59.40
35.45 	 125.00 	 59.39
35.48 	 126.10 	 59.39
35.50 	 125.80 	 59.40
35.52 	 126.30 	 59.41
35.55 	 126.00 	 59.43
35.58 	 125.90 	 59.44
35.60 	 125.90 	 59.45
35.62 	 125.70 	 59.46
35.65 	 126.30 	 59.46
35.67 	 126.00 	 59.46
35.70 	 126.30 	 59.45
35.73 	 126.20 	 59.45
35.75 	 126.40 	 59.44
35.77 	 126.70 	 59.44
35.80 	 126.30 	 59.45
35.83 	 127.00 	 59.46
35.85 	 126.90 	 59.48
35.88 	 126.80 	 59.50
35.90 	 126.90 	 59.53
35.92 	 127.20 	 59.57
35.95 	 127.20 	 59.60
35.98 	 127.60 	 59.64
36.00 	 127.60 	 59.67
36.02 	 127.70 	 59.69
36.05 	 127.70 	 59.71
36.08 	 127.80 	 59.71
36.10 	 128.30 	 59.71
36.12 	 128.50 	 59.69
36.15 	 128.80 	 59.66
36.17 	 129.10 	 59.63
36.20 	 128.30 	 59.60
36.23 	 129.00 	 59.58
36.25 	 128.10 	 59.56
36.27 	 129.00 	 59.56
36.30 	 128.60 	 59.56
36.33 	 128.70 	 59.58
36.35 	 129.10 	 59.61
36.38 	 128.90 	 59.63
36.40 	 129.50 	 59.65
36.42 	 129.10 	 59.67
36.45 	 129.30 	 59.67
36.48 	 129.70 	 59.67
36.50 	 129.40 	 59.65
36.52 	 129.70 	 59.64
36.55 	 129.50 	 59.62
36.58 	 129.80 	 59.62
36.60 	 130.00 	 59.62
36.62 	 129.90 	 59.63
36.65 	 130.30 	 59.65
36.67 	 130.60 	 59.68
36.70 	 130.40 	 59.70
36.73 	 130.90 	 59.72
36.75 	 131.40 	 59.73
36.77 	 131.10 	 59.72
36.80 	 131.30 	 59.70
36.83 	 130.80 	 59.68
36.85 	 131.00 	 59.66
36.88 	 131.20 	 59.64
36.90 	 130.80 	 59.63
36.92 	 131.40 	 59.63
36.95 	 131.10 	 59.65
36.98 	 131.30 	 59.67
37.00 	 131.60 	 59.69
37.02 	 131.60 	 59.72
37.05 	 131.50 	 59.74
37.08 	 132.00 	 59.76
37.10 	 131.80 	 59.78
37.12 	 132.10 	 59.79
37.15 	 132.30 	 59.79
37.17 	 132.10 	 59.80
37.20 	 132.30 	 59.80
37.23 	 132.40 	 59.81
37.25 	 132.80 	 59.82
37.27 	 132.70 	 59.83
37.30 	 133.20 	 59.84
37.33 	 133.10 	 59.83
37.35 	 133.60 	 59.83
37.38 	 133.90 	 59.81
37.40 	 133.60 	 59.80
37.42 	 134.00 	 59.78
37.45 	 133.40 	 59.78
37.48 	 133.70 	 59.78
37.50 	 133.60 	 59.80
37.52 	 133.60 	 59.82
37.55 	 133.90 	 59.85
37.58 	 133.90 	 59.87
37.60 	 133.80 	 59.88
37.62 	 134.70 	 59.89
37.65 	 134.00 	 59.87
37.67 	 134.20 	 59.85
37.70 	 134.70 	 59.82
37.73 	 134.40 	 59.78
37.75 	 134.70 	 59.76
37.77 	 134.70 	 59.74
37.80 	 134.80 	 59.74
37.83 	 135.20 	 59.75
37.85 	 135.10 	 59.78
37.88 	 134.90 	 59.81
37.90 	 135.40 	 59.84
37.92 	 135.80 	 59.86
37.95 	 135.90 	 59.88
37.98 	 136.30 	 59.89
38.00 	 136.00 	 59.89
38.02 	 135.90 	 59.88
38.05 	 136.00 	 59.87
38.08 	 136.10 	 59.87
38.10 	 135.90 	 59.87
38.12 	 136.50 	 59.88
38.15 	 136.20 	 59.89
38.17 	 136.50 	 59.90
38.20 	 136.60 	 59.90
38.23 	 136.50 	 59.90
38.25 	 136.50 	 59.90
38.27 	 136.70 	 59.89
38.30 	 136.70 	 59.88
38.33 	 136.90 	 59.87
38.35 	 137.30 	 59.88
38.38 	 137.20 	 59.89
38.40 	 137.60 	 59.91
38.42 	 137.50 	 59.94
38.45 	 137.60 	 59.97
38.48 	 137.60 	 59.99
38.50 	 138.00 	 60.00
38.52 	 138.20 	 60.00
38.55 	 138.20 	 59.99
38.58 	 138.60 	 59.96
38.60 	 138.10 	 59.93
38.62 	 138.30 	 59.88
38.65 	 138.70 	 59.84
38.67 	 138.50 	 59.81
38.70 	 138.60 	 59.79
38.73 	 138.70 	 59.78
38.75 	 138.70 	 59.78
38.77 	 138.60 	 59.80
38.80 	 139.00 	 59.82
38.83 	 138.90 	 59.85
38.85 	 138.70 	 59.89
38.88 	 139.60 	 59.92
38.90 	 139.50 	 59.96
38.92 	 139.50 	 60.00
38.95 	 139.60 	 60.03
38.98 	 139.70 	 60.05
39.00 	 139.90 	 60.07
39.02 	 140.00 	 60.08
39.05 	 140.40 	 60.08
39.08 	 140.70 	 60.07
39.10 	 140.70 	 60.05
39.12 	 141.10 	 60.03
39.15 	 140.80 	 59.99
39.17 	 140.80 	 59.96
39.20 	 140.70 	 59.93
39.23 	 140.80 	 59.91
39.25 	 140.30 	 59.89
39.27 	 141.90 	 59.89
39.30 	 140.50 	 59.90
39.33 	 141.80 	 59.91
39.35 	 140.90 	 59.93
39.38 	 141.40 	 59.94
39.40 	 141.50 	 59.95
39.42 	 142.00 	 59.94
39.45 	 141.70 	 59.93
39.48 	 142.20 	 59.90
39.50 	 142.00 	 59.88
39.52 	 142.20 	 59.86
39.55 	 142.40 	 59.84
39.58 	 142.40 	 59.83
39.60 	 142.50 	 59.83
39.62 	 142.70 	 59.83
39.65 	 142.70 	 59.84
39.67 	 143.30 	 59.85
39.70 	 143.50 	 59.86
39.73 	 142.80 	 59.86
39.75 	 142.70 	 59.87
39.77 	 143.00 	 59.87
39.80 	 143.30 	 59.88
39.83 	 142.90 	 59.89
39.85 	 143.70 	 59.91
39.88 	 143.00 	 59.94
39.90 	 144.00 	 59.97
39.92 	 143.10 	 60.00
39.95 	 144.60 	 60.03
39.98 	 143.70 	 60.06
40.00 	 144.00 	 60.08
40.02 	 143.90 	 60.09
40.05 	 144.40 	 60.08
40.08 	 143.70 	 60.07
40.10 	 144.40 	 60.05
40.12 	 144.50 	 60.03
40.15 	 144.40 	 60.01
40.17 	 144.80 	 60.00
40.20 	 144.80 	 59.99
40.23 	 144.50 	 59.99
40.25 	 145.30 	 59.99
40.27 	 145.30 	 60.00
40.30 	 144.60 	 60.00
40.33 	 144.90 	 60.00
40.35 	 144.50 	 60.00
40.38 	 144.40 	 60.00
40.40 	 144.20 	 60.01
40.42 	 144.50 	 60.01
40.45 	 144.40 	 60.02
40.48 	 144.10 	 60.04
40.50 	 144.20 	 60.06
40.52 	 144.50 	 60.09
40.55 	 143.90 	 60.11
40.58 	 144.40 	 60.14
40.60 	 144.20 	 60.15
40.62 	 144.10 	 60.16
40.65 	 144.30 	 60.16
40.67 	 144.60 	 60.14
40.70 	 144.20 	 60.13
40.73 	 144.40 	 60.11
40.75 	 144.40 	 60.09
40.77 	 144.30 	 60.08
40.80 	 144.70 	 60.07
40.83 	 144.80 	 60.08
40.85 	 145.10 	 60.08
40.88 	 145.00 	 60.10
40.90 	 144.60 	 60.11
40.92 	 144.80 	 60.12
40.95 	 144.40 	 60.12
40.98 	 144.30 	 60.12
41.00 	 144.40 	 60.11
41.02 	 143.90 	 60.10
41.05 	 144.50 	 60.08
41.08 	 144.60 	 60.06
41.10 	 144.30 	 60.04
41.12 	 144.40 	 60.03
41.15 	 144.20 	 60.01
41.17 	 144.40 	 60.01
41.20 	 144.50 	 60.01
41.23 	 144.40 	 60.02
41.25 	 144.10 	 60.03
41.27 	 144.40 	 60.05
41.30 	 144.20 	 60.07
41.33 	 144.10 	 60.08
41.35 	 144.70 	 60.08
41.38 	 144.10 	 60.08
41.40 	 144.70 	 60.06
41.42 	 144.60 	 60.03
41.45 	 145.20 	 60.00
41.48 	 145.00 	 59.97
41.50 	 144.80 	 59.93
41.52 	 144.40 	 59.91
41.55 	 144.70 	 59.89
41.58 	 144.00 	 59.89
41.60 	 144.40 	 59.90
41.62 	 144.10 	 59.92
41.65 	 144.10 	 59.95
41.67 	 144.40 	 59.98
41.70 	 144.30 	 60.01
41.73 	 144.00 	 60.05
41.75 	 144.50 	 60.08
41.77 	 144.30 	 60.11
41.80 	 144.30 	 60.13
41.83 	 144.30 	 60.16
41.85 	 144.20 	 60.18
41.88 	 144.10 	 60.19
41.90 	 144.50 	 60.21
41.92 	 144.40 	 60.22
41.95 	 144.50 	 60.22
41.98 	 144.50 	 60.21
42.00 	 144.40 	 60.18
42.02 	 144.50 	 60.14
42.05 	 144.70 	 60.08
42.08 	 144.90 	 60.01
42.10 	 145.40 	 59.95
42.12 	 144.90 	 59.90
42.15 	 145.10 	 59.86
42.17 	 144.60 	 59.84
42.20 	 144.30 	 59.85
42.23 	 144.50 	 59.87
42.25 	 143.80 	 59.89
42.27 	 144.40 	 59.92
42.30 	 144.00 	 59.95
42.33 	 143.70 	 59.98
42.35 	 144.40 	 60.00
42.38 	 143.90 	 60.02
42.40 	 144.20 	 60.04
42.42 	 144.20 	 60.06
42.45 	 144.20 	 60.09
42.48 	 144.00 	 60.12
42.50 	 144.30 	 60.14
42.52 	 144.30 	 60.16
42.55 	 144.20 	 60.17
42.58 	 144.40 	 60.16
42.60 	 144.40 	 60.14
42.62 	 144.70 	 60.11
42.65 	 144.60 	 60.07
42.67 	 144.50 	 60.03
42.70 	 144.30 	 59.99
42.73 	 144.60 	 59.95
42.75 	 144.50 	 59.92
42.77 	 145.10 	 59.88
42.80 	 145.20 	 59.85
42.83 	 144.90 	 59.82
42.85 	 145.20 	 59.78
42.88 	 144.60 	 59.75
42.90 	 144.60 	 59.73
42.92 	 144.00 	 59.71
42.95 	 144.20 	 59.71
42.98 	 144.30 	 59.72
43.00 	 143.80 	 59.75
43.02 	 144.30 	 59.80
43.05 	 144.00 	 59.86
43.08 	 144.10 	 59.94
43.10 	 144.20 	 60.01
43.12 	 144.30 	 60.08
43.15 	 143.90 	 60.13
43.17 	 144.20 	 60.16
43.20 	 143.90 	 60.17
43.23 	 144.20 	 60.16
43.25 	 144.20 	 60.13
43.27 	 144.60 	 60.10
43.30 	 144.30 	 60.07
43.33 	 144.40 	 60.04
43.35 	 144.40 	 60.03
43.38 	 144.30 	 60.03
43.40 	 144.50 	 60.04
43.42 	 144.50 	 60.05
43.45 	 144.20 	 60.05
43.48 	 144.50 	 60.03
43.50 	 144.80 	 60.00
43.52 	 145.10 	 59.94
43.55 	 145.30 	 59.87
43.58 	 145.10 	 59.80
43.60 	 144.80 	 59.73
43.62 	 144.70 	 59.68
43.65 	 143.90 	 59.66
43.67 	 144.60 	 59.68
43.70 	 143.90 	 59.72
43.73 	 144.20 	 59.78
43.75 	 144.20 	 59.87
43.77 	 144.10 	 59.95
43.80 	 144.30 	 60.03
43.83 	 143.80 	 60.10
43.85 	 144.30 	 60.15
43.88 	 144.10 	 60.17
43.90 	 144.20 	 60.18
43.92 	 144.40 	 60.16
43.95 	 144.10 	 60.14
43.98 	 144.60 	 60.11
44.00 	 143.90 	 60.08
44.02 	 144.50 	 60.07
44.05 	 144.40 	 60.07
44.08 	 143.80 	 60.09
44.10 	 144.60 	 60.11
44.12 	 144.40 	 60.13
44.15 	 144.10 	 60.13
44.17 	 144.60 	 60.13
44.20 	 144.70 	 60.10
44.23 	 145.10 	 60.06
44.25 	 145.40 	 60.01
44.27 	 145.00 	 59.96
44.30 	 145.10 	 59.92
44.33 	 144.70 	 59.88
44.35 	 144.30 	 59.86
44.38 	 144.60 	 59.85
44.40 	 143.90 	 59.86
44.42 	 144.30 	 59.87
44.45 	 144.10 	 59.89
44.48 	 143.90 	 59.92
44.50 	 144.30 	 59.95
44.52 	 144.10 	 59.97
44.55 	 143.90 	 59.99
44.58 	 144.20 	 60.01
44.60 	 144.20 	 60.02
44.62 	 144.00 	 60.03
44.65 	 144.60 	 60.04
44.67 	 144.10 	 60.06
44.70 	 144.40 	 60.07
44.73 	 144.30 	 60.08
44.75 	 144.20 	 60.10
44.77 	 144.10 	 60.13
44.80 	 144.40 	 60.15
44.83 	 144.10 	 60.19
44.85 	 144.20 	 60.23
44.88 	 144.50 	 60.27
44.90 	 144.10 	 60.31
44.92 	 144.20 	 60.36
44.95 	 144.50 	 60.40
44.98 	 144.00 	 60.44
45.00 	 142.90 	 60.47
45.02 	 143.30 	 60.48
45.05 	 143.00 	 60.47
45.08 	 142.60 	 60.46
45.10 	 141.40 	 60.45
45.12 	 140.00 	 60.44
45.15 	 139.00 	 60.45
45.17 	 137.80 	 60.47
45.20 	 136.80 	 60.51
45.23 	 136.00 	 60.57
45.25 	 134.90 	 60.65
45.27 	 134.20 	 60.72
45.30 	 133.30 	 60.79
45.33 	 132.50 	 60.84
45.35 	 131.50 	 60.85
45.38 	 130.70 	 60.82
45.40 	 130.20 	 60.75
45.42 	 128.80 	 60.64
45.45 	 128.00 	 60.49
45.48 	 127.60 	 60.33
